10
0 26 65 12 75 92 1 83 55 2
26 0 65 85 25 86 55 81 100 52
65 65 0 14 89 13 23 68 2 54
12 85 14 0 78 33 47 26 34 16
75 25 89 78 0 2 18 89 77 45
92 86 13 33 2 0 85 63 12 25
1 55 23 47 18 85 0 5 53 51
83 81 68 26 89 63 5 0 92 45
55 100 2 34 77 12 53 92 0 35
2 52 54 16 45 25 51 45 35 0
RBRRRRRBBB