26 2 28 5 14 33 17 24 23 35 36 39 44 29 8 48 40 16 32 30 42 41 37 19 7 9 47 1 11 22 6 18 31 13 34 15 46 4 3 43 25 21 12 27 38 10 45 50 20 49
46 12 1 41 2 27 3 50 16 45 13 39 10 44 5 48 4 38 22 40 23 35 7 47 9 49 18 28 6 34 8 31 24 37 11 29 25 30 19 42 14 36 20 33 15 32 17 26 21 43
17 43 2 42 21 49 15 39 22 30 5 29 7 1 19 32 25 31 13 36 8 28 6 47 26 46 16 45 10 33 11 50 23 44 3 40 4 27 14 41 24 35 12 38 18 37 9 48 20 34
14 2 6 41 27 10 24 1 33 44 12 5 35 8 31 9 19 11 29 30 38 40 47 17 13 49 3 25 15 50 36 43 39 46 37 18 28 4 32 7 42 20 23 22 26 45 48 21 16 34
37 36 3 44 7 15 24 32 21 28 43 6 27 20 11 10 29 41 38 22 12 16 13 42 19 47 49 23 4 17 34 30 46 26 48 31 35 5 8 1 14 40 50 25 2 39 33 18 9 45
7 3 8 12 15 4 5 6 14 16 13 1 2 9 11 10
19 14 30 2 50 35 45 8 10 37 47 1 22 38 29 34 5 27 26 39 11 31 23 24 13 36 20 21 15 48 41 42 12 17 7 40 28 44 6 16 9 46 33 25 18 43 32 49 3 4
46 41 18 9 3 13 15 7 21 1 33 24 11 48 40 22 45 19 17 26 38 35 47 2 25 42 32 8 44 27 31 30 43 49 12 39 20 10 28 6 23 34 16 36 14 50 37 4 5 29
3 4 5 6 7 8 9 10 11 12 13 14 15 16 17 18 19 20 21 22 23 24 25 26 27 28 29 1 2 30
50 47 46 48 37 39 33 34 27 35 30 32 28 41 21 24 17 18 9 16 14 13 7 8 15 4 3 1 2 12 11 10 6 5 20 19 25 22 26 23 29 42 38 44 31 40 36 49 45 43
5 6 7 8 2 1 4 3
3 42 26 2 20 38 45 46 34 47 9 5 36 31 1 41 40 24 25 29 8 33 32 23 18 27 49 17 10 37 22 39 48 30 44 28 35 16 11 13 19 21 12 14 7 43 50 6 15 4
20 8 42 44 39 9 45 6 32 2 25 30 46 35 4 48 37 28 17 47 34 14 13 26 21 49 33 16 40 11 10 41 24 18 43 38 3 19 27 12 1 22 36 23 29 50 15 31 5 7
24 3 34 39 33 48 26 44 15 9 10 20 47 23 49 30 27 29 12 7 17 6 22 31 35 8 18 45 50 14 13 21 40 43 25 16 4 38 37 19 11 2 36 46 28 5 1 42 41 32
33 35 40 13 3 8 45 46 24 29 42 47 32 9 1 19 50 6 49 31 23 30 10 48 21 26 14 7 17 44 27 38 12 5 15 39 25 22 20 41 2 4 36 37 11 43 34 28 18 16
12 22 13 35 17 42 39 50 25 2 41 20 18 34 9 28 37 44 1 4 3 32 29 45 23 14 19 47 31 27 5 30 15 7 11 48 24 33 8 16 49 6 38 36 40 21 46 26 10 43
31 40 8 22 5 15 32 12 16 23 6 28 49 34 13 19 30 17 45 3 36 2 39 43 18 29 47 24 11 46 21 48 20 33 50 9 42 4 41 7 14 37 44 35 27 10 25 1 38 26
47 6 5 4 48 1 2 3 23 43 42 41 40 44 45 46 39 11 10 9 8 12 13 14 7 19 18 17 16 20 21 22 15 31 38 37 36 32 33 34 35 27 26 25 24 28 29 30
4 3 5 2 6 1
25 42 22 32 2 16 41 4 39 50 27 45 34 14 5 21 17 10 36 15 43 28 48 49 24 7 8 37 44 13 29 12 33 1 30 23 20 47 40 18 6 31 26 38 9 11 3 35 19 46
4 19 42 35 28 12 10 18 40 5 1 44 34 24 38 15 46 16 43 36 6 33 27 20 48 37 7 49 30 23 2 39 8 22 31 9 14 3 26 29 32 25 17 47 21 13 50 11 45 41
43 4 18 36 19 28 21 41 10 16 3 42 9 1 39 30 2 44 8 37 13 40 22 11 25 31 15 24 29 14 12 17 32 6 34 7 23 5 26 38 20 27 33 35
50 49 48 47 46 45 44 43 42 41 40 39 38 37 36 35 34 33 32 31 30 29 28 27 26 25 24 23 22 21 20 19 18 17 16 15 14 13 12 11 10 9 8 7 6 5 4 3 2 1
7 1 4 17 13 14 20 18 22 21 12 6 15 24 26 9 19 11 8 3 16 2 25 5 10 23
7 9 4 14 17 5 13 12 10 2 3 1 18 20 6 15 19 11 16 8
41 23 36 32 47 4 46 33 38 8 1 40 27 39 31 15 24 3 43 7 37 28 44 9 19 29 49 35 17 21 2 48 25 18 26 14 5 42 45 30 34 11 6 13 10 12 50 20 16 22
42 44 15 46 10 18 26 30 35 40 3 27 43 47 5 49 48 9 6 36 21 37 34 4 41 17 23 38 11 29 1 22 39 19 50 28 14 25 33 31 12 7 45 32 16 24 20 2 13 8
50 49 16 41 6 18 35 14 13 28 38 34 25 43 45 21 1 24 39 27 9 31 11 3 20 40 4 22 12 19 37 44 46 15 29 8 7 10 42 23 32 30 36 33 2 48 47 5 17 26
43 14 46 9 30 21 18 1 10 29 7 5 38 26 20 37 24 19 40 39 49 17 25 36 4 23 42 8 50 48 35 32 13 41 2 45 31 6 44 16 11 34 3 28 12 27 15 33 22 47
5 3 26 32 39 29 38 1 34 13 9 17 22 25 37 46 41 35 8 11 45 20 27 19 44 40 33 36 28 31 12 23 50 24 6 49 48 42 7 14 43 21 16 30 47 15 10 18 2 4
38 4 21 6 10 49 45 12 30 47 36 14 7 16 3 5 19 24 27 34 11 50 13 22 40 2 39 17 1 9 31 18 20 32 43 25 44 35 8 42 15 26 37 29 41 28 48 23 46 33
34 33 36 37 40 39 38 46 30 43 42 41 44 45 48 47 31 32 29 28 25 26 27 22 20 21 24 23 15 16 17 18 19 35 14 12 13 11 10 9 8 7 6 4 1 2 3 5
34 39 25 40 21 24 18 11 20 47 6 48 13 22 32 17 33 45 3 14 5 44 9 23 1 4 29 27 12 35 10 43 42 30 49 38 16 41 26 28 7 36 8 31 37 19 46 50 2 15
12 29 16 39 45 15 30 33 6 26 7 44 4 34 25 8 48 1 41 38 32 43 35 10 5 46 24 21 18 20 14 19 28 47 23 13 11 27 9 50 49 22 31 2 17 3 37 36 42 40
36 49 39 11 50 7 16 12 2 3 37 18 33 9 34 14 38 17 5 27 44 22 47 20 45 6 25 15 32 29 30 1 42 8 4 23 24 43 19 46 31 10 48 28 21 35 26 41 40 13
44 48 47 42 41 45 46 30 29 25 26 31 32 28 27 11 19 18 17 21 20 24 23 22 14 43 38 39 40 36 37 33 34 35 6 5 1 2 3 4 8 7 12 16 15 10 9 13
2 9 4 13 5 3 10 11 15 14 1 12 6 7 8 28 39 18 40 22 47 31 46 27 16 23 38 26 41 50 17 35 37 20 48 19 24 30 49 42 25 34 33 29 36 43 32 45 44 21
9 10 1 2 3 4 5 7 6 8 11 12 13 19 20 14 15 17 16 18 21 22 23 26 28 29 27 25 24 30
34 30 49 3 10 14 40 44 38 24 22 16 39 43 35 13 12 15 31 47 37 19 7 17 45 32 28 8 9 21 27 26 33 5 18 50 48 11 25 41 46 6 23 20 29 36 42 2 4 1
31 30 20 35 14 42 4 1 3 29 34 24 6 15 44 39 40 17 23 27 8 48 7 21 50 38 45 10 26 18 19 11 9 22 12 13 43 16 33 41 2 5 36 46 47 37 32 25 28 49
49 6 1 26 21 24 9 14 3 4 22 19 20 17 30 29 48 37 40 35 38 33 36 15 18 13 16 2 12 7 10 5 8 45 39 42 25 34 31 32 23 28 11 44 41 46 27 43 50 47
38 12 2 25 10 45 39 27 13 41 28 1 6 26 5 17 31 23 19 7 50 34 44 14 11 36 9 8 43 42 48 16 24 4 15 49 32 47 21 3 33 30 35 40 20 46 37 29 22 18
27 10 48 50 25 19 30 1 42 15 20 16 28 34 37 22 31 17 43 38 33 29 9 32 13 46 14 11 7 2 36 6 45 44 41 35 8 3 24 47 26 12 49 18 40 5 39 4 23 21
3 7 10 8 5 1 2 6 4 9
34 32 37 9 3 5 46 42 44 14 19 13 48 41 45 18 12 20 49 47 30 24 25 22 29 23 27 21 26 28 6 1 4 40 16 11 15 35 33 36 7 2 10 38 31 39 8 50 43 17
23 46 47 38 49 29 16 42 15 36 4 21 28 41 27 3 48 24 13 7 20 44 8 6 35 25 31 30 32 50 43 5 11 1 14 18 40 37 26 33 19 2 10 17 22 12 9 34 45 39
42 4 1 7 31 2 3 16 5 6 34 15 32 22 8 30 46 48 12 37 11 29 50 18 9 28 33 38 26 25 36 44 19 40 49 10 45 14 43 23 17 27 47 35 13 24 39 20 21 41
34 27 24 22 29 42 7 36 41 32 2 4 50 48 37 21 40 23 9 46 8 3 38 19 20 39 43 33 30 6 45 1 31 28 47 25 49 10 5 26 44 11 35 18 12 13 14 15 16 17
9 18 3 27 40 1 21 45 49 24 39 35 41 23 6 20 10 34 22 5 29 31 46 36 14 17 48 25 30 44 28 42 37 47 12 11 7 26 38 32 13 33 50 15 8 19 2 4 43 16
39 32 5 40 18 9 3 47 41 49 42 1 31 36 21 2 17 48 30 38 24 50 33 20 19 43 13 4 11 29 12 44 28 8 23 27 25 37 35 10 15 7 6 34 22 46 14 45 16 26
37 48 36 49 12 29 32 45 41 6 35 38 24 27 13 11 40 3 47 15 25 20 42 21 4 5 7 30 19 33 44 17 18 14 2 22 8 26 23 1 43 50 28 16 34 39 9 10 31 46
13 16 29 47 40 33 10 6 14 39 26 11 43 44 42 18 19 28 15 3 49 30 5 45 12 27 46 17 31 41 2 32 23 22 34 21 20 48 50 24 4 1 38 9 25 7 37 35 8 36
16 42 8 24 20 18 41 28 6 26 14 1 29 3 50 30 45 49 44 33 37 40 7 23 17 12 10 43 21 36 4 15 22 48 32 2 47 31 25 39 27 34 38 13 35 46 19 11 5 9
11 15 8 2 12 18 4 16 9 21 14 3 13 20 6 10 19 17 7 1 5 22
15 16 12 11 10 9 13 14 30 31 32 28 29 25 26 27 22 23 24 20 21 17 18 19 46 47 48 44 45 41 42 43 38 39 40 36 37 33 34 35 6 7 8 4 5 1 2 3
37 24 28 47 3 39 11 9 1 35 7 38 33 12 5 36 44 48 4 13 26 46 14 21 29 45 32 20 50 41 10 23 18 42 2 30 8 15 6 31 16 49 43 40 27 19 22 34 25 17
3 4 2 1
10 1 7 6 4 2 8 5 9 3
2 1 6 7 8 4 5 3 9 10 15 14 18 17 16 11 12 13 19 20 25 24 28 27 26 21 22 23 29 30 35 34 38 37 36 31 32 33 39 40 42 41 46 47 48 44 45 43 49 50
50 2 22 29 18 6 12 43 40 26 8 7 37 46 24 3 28 34 13 39 10 16 15 14 32 11 42 33 21 27 48 4 45 30 36 20 25 31 47 41 35 38 5 44 23 17 19 49 1 9
31 3 13 47 40 41 44 6 30 7 45 1 49 15 23 35 34 2 5 25 12 26 29 14 48 24 28 22 18 9 10 8 43 21 32 11 17 4 20 37 27 16 38 39 19 50 42 36 33 46
33 29 38 14 12 36 45 43 1 15 9 41 35 28 4 21 7 49 27 26 2 13 22 46 50 44 20 3 6 30 42 18 11 17 37 39 40 16 23 24 48 34 10 19 8 32 47 31 25 5
15 4 2 11 30 35 45 14 37 39 32 42 19 3 22 31 21 29 47 48 44 1 18 17 38 24 20 25 13 16 12 23 49 5 43 41 40 36 9 34 46 50 7 33 6 10 28 27 8 26
3 1 2 4
44 15 35 46 23 28 49 5 34 39 7 41 36 11 12 17 45 48 6 10 22 33 14 47 21 25 38 26 1 9 42 3 50 24 31 4 43 20 27 29 19 8 30 13 32 40 2 18 16 37
45 44 43 42 41 40 39 22 21 20 19 18 17 16 15 14 1 2 3 4 5 6 7 8 9 10 11 12 13 36 37 38 31 32 33 34 35 23 24 25 26 50 49 48 47 46 30 29 28 27
29 33 8 37 40 10 2 39 25 17 15 4 1 34 26 18 31 9 22 36 30 20 24 27 14 3 11 32 35 5 28 12 7 38 23 13 6 16 19 21
46 33 20 38 6 47 11 29 2 28 4 43 35 17 18 22 10 45 1 9 8 50 48 27 5 37 16 12 40 21 13 19 14 36 42 25 3 23 30 44 26 7 31 15 24 34 32 41 39 49
40 11 1 38 10 45 18 49 39 33 31 37 34 46 26 27 20 2 19 3 43 30 22 32 35 25 9 41 5 23 44 29 7 12 8 36 17 48 21 14 15 47 24 13 50 4 42 6 16 28
35 50 36 22 31 29 26 14 7 32 40 48 11 8 16 5 20 4 3 28 44 17 1 49 18 38 27 6 41 42 37 23 43 47 45 13 34 9 21 12 33 10 15 46 24 25 30 2 39 19
9 3 10 7 2 5 8 1 6 4
9 5 6 7 8 12 11 10 17 13 14 15 16 20 19 18 25 21 22 23 24 28 27 26 33 29 30 31 32 36 35 34 41 37 38 39 40 44 43 42 49 45 50 46 47 48 1 2 3 4
24 17 47 37 25 43 41 42 19 39 16 45 11 13 7 18 22 14 30 6 34 23 33 9 4 20 35 48 44 1 26 2 27 49 31 36 46 29 10 8 15 21 3 40 28 38 32 12 50 5
34 33 37 36 40 39 38 6 11 10 9 13 12 16 15 14 46 27 26 25 29 28 32 31 30 35 22 23 24 20 21 17 18 19 43 42 41 45 44 48 47 7 8 4 5 1 2 3
9 4 3 11 12 15 8 14 16 7 17 2 18 13 10 1 6 5
21 5 11 4 17 20 7 2 1 28 14 8 27 25 19 16 6 12 18 13 10 26 3 9 24 22 15 23
15 3 22 32 1 21 11 30 19 35 40 14 20 33 7 18 6 27 34 8 37 13 16 17 9 39 24 12 29 23 2 4 26 5 36 25 38 28 31 10
28 38 6 26 3 47 39 5 4 44 42 34 1 45 2 11 19 29 46 7 30 13 12 24 10 36 33 16 14 20 8 41 50 22 48 40 25 17 43 49 37 23 31 21 32 35 27 15 18 9
44 4 41 23 28 20 2 29 16 48 25 45 1 37 8 15 40 9 49 7 43 42 19 39 31 18 6 21 11 32 50 12 22 10 3 46 38 14 33 24 36 47 5 35 34 26 27 17 30 13
28 29 1 44 49 36 46 40 7 27 38 32 50 39 12 8 35 5 3 16 43 19 41 20 13 15 33 34 25 31 17 14 11 18 26 37 22 42 4 9 23 10 21 24 47 30 45 2 48 6
5 8 24 45 29 3 11 27 49 6 20 19 33 47 44 16 13 2 31 36 26 9 25 15 28 50 41 12 14 4 35 34 37 18 17 1 46 43 30 22 7 10 32 40 42 23 21 39 38 48
17 45 22 25 33 14 10 40 4 7 41 48 18 38 34 32 16 27 39 6 26 20 42 47 8 49 24 9 44 2 15 46 36 13 35 3 11 31 5 21 23 29 37 19 50 30 1 43 12 28
35 37 46 45 47 17 26 2 42 31 23 3 14 18 9 48 15 28 6 22 1 4 40 5 16 8 30 27 19 36 25 32 10 24 21 43 50 49 13 20 34 7 38 12 11 29 44 33 39 41
26 46 12 49 24 11 47 38 39 19 20 40 28 1 16 43 30 3 4 32 33 8 9 6 44 17 29 18 7 35 31 41 25 13 50 2 14 37 45 23 48 5 15 27 42 21 22 10 34 36
6 8 16 27 36 33 26 12 42 10 14 23 22 45 11 7 28 37 19 13 21 43 41 25 32 17 34 40 46 9 24 30 18 5 15 4 1 44 3 20 35 29 2 31 48 50 49 38 39 47
30 1 28 22 4 23 12 10 21 20 27 14 16 7 24 5 6 26 15 9 17 8 19 11 29 2 3 18 25 13
5 4 8 7 6 50 2 3 9 10 15 19 13 12 11 16 17 18 14 25 20 21 22 26 27 28 24 23 29 30 32 31 36 37 38 35 34 33 39 40 43 49 1 45 44 48 47 46 42 41
11 24 34 45 27 22 37 40 18 36 46 35 49 21 25 33 44 16 30 47 14 1 23 38 17 7 8 43 50 29 31 4 9 12 39 10 6 26 13 20 42 3 48 19 41 2 32 15 5 28
2 5 6 1 3 4
19 48 33 13 46 28 26 15 43 7 20 41 21 6 38 27 9 10 5 50 18 36 34 14 12 8 23 45 25 47 42 39 2 22 32 30 29 44 1 11 24 31 17 40 16 4 37 3 35 49
30 9 32 45 47 48 6 13 49 36 17 46 29 1 15 41 33 26 4 31 2 19 39 21 23 8 14 3 38 50 28 5 11 34 44 43 42 22 20 10 16 35 40 25 7 27 18 24 37 12
18 16 2 3 1 17 26 4 32 12 24 21 14 20 22 27 23 31 10 13 11 15 30 28 8 9 5 29 6 19 7 25
31 42 40 45 15 34 50 25 13 37 48 44 30 39 49 47 14 9 36 16 29 46 18 6 38 1 19 27 41 11 4 35 12 8 26 32 5 17 43 22 20 21 2 7 24 33 3 23 10 28
3 2 1 5 4 7 8 6
22 24 32 13 5 49 25 35 27 33 4 40 16 46 42 45 17 26 34 30 28 38 36 48 50 8 47 2 23 37 9 19 21 14 10 31 44 18 7 6 3 39 1 20 43 29 12 15 11 41
1 37 4 19 36 47 34 23 22 12 31 43 8 46 24 32 7 5 44 35 45 21 33 10 39 3 2 29 16 14 20 30 49 27 6 11 15 28 38 50 17 40 26 13 41 48 25 42 9 18
36 27 24 40 19 11 33 3 17 38 7 46 16 34 23 4 10 43 15 35 18 6 25 50 5 44 30 32 13 47 22 39 20 28 49 9 45 1 8 41 42 12 48 37 21 31 29 14 26 2
18 36 21 13 7 17 12 49 47 19 42 48 8 11 37 50 16 22 31 20 46 2 24 3 29 43 25 35 38 44 41 32 33 34 39 6 30 4 27 23 1 5 14 45 9 40 10 28 26 15
14 13 12 4 5 10 11 9 8 7 6 15 16 3 2 1
9 10 2 7 4 3 8 5 6 1
1 2 3 8 7 6 4 5
9 10 5 1 2 7 3 4 6 8
28 20 46 34 30 13 44 17 48 12 42 32 18 36 39 9 4 33 11 21 8 40 31 38 6 7 1 23 41 15 47 3 25 10 5 19 2 24 45 37 35 43 29 22 14 16 27 26
36 4 6 50 14 10 9 40 2 37 1 26 43 49 24 3 23 46 38 27 30 25 19 28 17 31 48 5 16 7 42 41 45 18 8 34 15 35 32 44 39 20 21 33 11 13 12 22 47 29
49 50 47 44 45 48 46 43 40 39 42 41 38 37 36 33 35 34 31 30 32 29 27 28 25 26 24 21 18 20 17 14 15 12 11 8 7 4 2 1 3 5 6 9 10 13 16 19 22 23
22 3 32 28 27 5 34 36 33 46 24 16 25 41 50 49 19 7 12 20 29 38 31 18 14 37 23 10 13 11 45 48 40 42 9 44 43 21 26 6 15 30 39 4 2 35 17 8 47 1
24 17 38 1 30 32 25 33 15 20 50 42 13 46 7 41 5 12 22 43 26 8 37 44 18 27 31 40 9 34 36 21 11 19 10 49 23 16 45 28 14 48 3 35 47 6 4 29 2 39
44 29 24 39 28 12 35 30 5 17 49 40 26 50 13 10 15 25 48 6 20 19 41 1 31 38 9 4 37 36 16 23 18 3 34 11 14 22 45 7 42 32 46 33 2 43 27 21 8 47
11 6 14 13 19 7 3 8 21 20 22 2 10 5 12 15 16 9 1 4 18 17
21 27 24 26 29 23 22 25 28 35 33 40 38 37 34 31 32 36 39 1 6 4 5 7 3 2 9 8 10 30 11 13 18 14 19 12 17 15 16 20 45 41 43 50 46 49 48 44 42 47
3 2 6 1 5 4
3 2 1 4 5 8 7 6 19 11 10 9 12 13 16 15 14 22 23 24 21 20 17 18
20 17 42 31 39 27 37 19 33 23 29 32 22 40 38 46 43 49 50 30 36 13 24 21 35 34 47 14 5 7 6 15 12 10 3 11 1 26 25 45 44 48 41 16 28 8 9 2 4 18
12 11 19 21 7 20 24 1 25 17 6 14 2 9 16 23 15 5 18 10 8 13 4 22 3 43 44 36 46 33 32 31 34 26 50 47 29 49 42 45 28 37 38 27 40 48 30 39 41 35
47 20 28 12 24 39 17 7 44 35 25 14 31 38 43 6 27 30 2 48 19 26 42 9 50 45 23 41 46 8 1 5 3 13 21 18 29 10 32 11 16 33 36 49 4 34 37 40 22 15
14 23 49 16 20 48 33 40 11 9 45 13 17 36 22 26 35 34 19 2 28 21 46 4 43 18 7 31 27 24 5 29 6 1 25 12 41 8 39 10 15 32 3 47 30 44 50 42 37 38
10 17 11 1 9 8 5 18 14 15 13 19 20 12 3 4 2 16 7 6
47 22 17 45 3 42 43 18 27 26 5 29 28 48 21 31 19 46 36 30 10 25 39 32 35 34 13 41 38 40 23 44 11 37 7 8 33 24 1 2 6 14 15 16 12 4 9 20
21 19 32 16 1 2 36 17 4 24 40 12 33 3 14 46 20 30 47 22 15 38 43 10 41 25 39 13 49 18 26 28 35 8 37 29 9 31 50 42 45 7 27 11 34 48 44 6 5 23
1 38 9 26 40 43 22 8 12 41 13 27 37 32 30 16 18 36 29 11 44 2 19 33 20 14 42 49 15 34 25 50 4 31 5 48 47 21 35 24 7 45 28 39 17 3 6 46 10 23
26 28 1 8 10 24 12 6 11 16 34 39 46 36 20 41 5 3 13 23 30 33 22 29 18 45 25 43 47 42 14 48 17 9 27 44 7 32 37 38 2 40 4 19 15 50 21 31 35 49
3 29 22 7 36 12 26 11 17 19 5 16 2 15 37 20 14 23 28 39 24 21 18 25 34 30 33 1 4 32 13 35 10 6 38 31 8 27 9 40
45 15 37 36 28 50 24 43 14 17 2 9 30 25 32 8 22 5 47 35 7 19 38 40 3 46 12 33 48 13 4 6 49 26 34 18 20 41 16 11 31 1 21 42 44 23 27 39 10 29
45 10 8 41 30 16 35 34 29 2 39 36 1 50 17 12 28 37 20 21 43 33 18 49 42 26 3 9 6 31 24 32 15 14 44 19 4 47 40 13 48 22 5 11 7 46 27 25 23 38
16 10 20 18 45 50 14 6 22 31 35 8 1 9 15 44 26 48 23 49 30 27 29 12 7 17 19 11 2 36 25 43 40 21 13 24 47 37 4 38 33 39 34 3 46 28 5 42 41 32
24 41 15 46 44 14 27 21 45 4 42 40 3 37 23 8 30 32 49 7 43 12 20 26 11 31 19 16 28 38 17 47 39 18 34 36 13 5 1 22 6 10 35 25 29 2 48 50 33 9
23 46 5 16 30 24 18 49 27 29 38 26 15 2 40 34 50 48 8 1 12 6 41 36 31 42 7 32 25 22 43 17 21 28 39 11 4 47 35 9 44 19 13 33 45 10 37 14 3 20
20 19 18 22 23 24 17 25 45 37 36 35 34 38 39 40 33 21 29 28 27 26 30 31 32 44 43 42 46 47 48 41 9 16 15 14 10 11 12 13 5 4 3 2 1 8 7 6
24 46 22 29 9 16 44 36 11 30 3 37 7 42 10 27 43 5 19 33 39 26 25 41 20 18 23 34 17 28 4 47 8 35 2 15 32 31 45 1 48 38 50 21 6 49 13 12 14 40
33 13 5 24 31 23 6 22 43 36 2 48 4 15 30 11 42 17 37 27 10 14 34 50 19 28 46 3 41 44 26 7 32 20 12 16 38 45 40 21 18 49 47 1 9 29 39 35 8 25
17 33 42 16 50 8 15 4 28 13 2 46 25 22 49 29 10 1 30 3 41 18 35 24 6 20 39 23 7 21 47 48 34 32 43 36 9 27 11 26 5 19 14 12 45 37 40 38 31 44
30 25 32 4 29 34 39 3 43 2 6 49 48 44 17 24 18 15 11 26 31 5 41 42 45 16 12 27 23 22 37 46 28 14 36 33 47 40 9 35 19 13 7 38 50 21 10 8 20 1
6 22 15 41 7 20 30 25 16 46 44 19 40 13 39 12 32 18 48 11 27 17 36 2 31 1 37 21 38 33 34 28 24 45 8 5 14 10 49 23 26 43 35 3 29 47 9 4 42 50
2 1 8 11 9 14 12 17 3 7 10 19 18 13 5 6 4 15 20 16
40 39 38 7 6 5 27 28 29 10 9 8 26 25 24 23 34 33 32 22 21 20 47 46 16 15 14 30 31 4 44 45 13 12 11 41 42 43 17 18 19 48 49 50 1 2 3 37 36 35
50 44 17 18 43 13 9 8 46 45 38 23 22 28 27 26 25 24 36 37 29 19 20 21 35 6 7 5 40 39 14 41 47 4 31 30 15 16 34 33 32 3 42 1 2 48 49 10 11 12
17 3 9 40 41 5 50 19 25 37 31 26 18 27 16 6 28 7 48 36 21 15 35 11 46 32 34 13 30 8 23 44 47 4 38 39 10 22 42 2 49 14 12 45 43 1 20 33 29 24
15 9 1 34 22 50 4 2 8 3 14 24 48 37 38 20 23 21 30 10 7 32 16 45 11 41 12 44 40 17 42 36 5 25 31 43 28 29 19 6 27 35 49 26 47 33 39 46 13 18
9 21 1 27 43 48 24 8 3 50 31 38 14 13 2 26 30 6 23 20 44 49 28 4 7 5 37 35 45 17 11 10 34 47 46 22 16 40 32 41 15 12 36 29 19 25 18 42 33 39
38 41 35 25 1 46 4 2 47 45 29 36 7 49 48 15 10 42 14 43 24 11 31 19 12 8 23 9 27 20 18 28 26 32 16 17 30 44 21 34 33 40 39 6 13 5 37 22 3 50
45 9 19 3 37 46 7 32 17 50 23 25 26 15 35 11 20 34 1 4 44 36 49 16 27 14 43 2 42 38 12 48 41 6 28 18 22 39 21 31 8 40 33 30 5 29 13 10 24 47
49 24 20 6 29 11 26 1 8 45 41 2 19 37 23 14 16 47 18 33 43 44 4 31 15 9 34 3 35 30 5 12 7 40 38 13 27 39 46 21 36 50 25 42 17 22 32 10 48 28
25 28 27 23 22 26 24 29 21 4 7 6 5 9 1 2 3 10 8 30 13 12 15 19 18 20 16 11 14 17 44 43 41 50 49 45 47 42 46 48 35 39 33 36 38 32 31 34 40 37
12 4 1 32 48 3 17 15 8 42 24 2 31 37 14 44 6 9 22 25 50 19 34 38 21 49 41 23 20 29 35 27 39 47 40 33 30 26 10 16 5 36 13 43 11 28 45 18 7 46
42 11 41 28 26 8 48 45 7 24 23 49 40 46 13 2 39 21 44 10 47 27 37 31 43 38 9 18 3 4 14 34 36 30 15 29 1 50 32 6 19 22 33 12 35 16 17 20 5 25
9 7 16 3 4 12 2 5 10 8 14 11 1 13 6 15
23 27 25 50 44 29 18 24 4 38 47 13 1 5 31 2 17 22 9 37 21 16 49 8 35 46 10 42 36 6 20 12 32 30 40 45 14 3 34 19 28 11 39 7 43 15 33 41 48 26
2 5 23 41 22 4 9 6 16 21 18 43 31 25 50 35 47 10 30 11 38 37 24 26 32 29 13 7 3 48 36 8 40 15 17 19 20 49 33 42 1 12 45 44 28 34 39 27 14 46
22 11 5 40 44 14 27 43 35 24 2 31 1 6 9 23 30 41 37 36 47 15 17 34 33 12 3 21 38 48 13 50 32 25 46 39 20 49 16 4 28 18 42 45 26 7 10 19 8 29
20 12 13 32 29 35 1 17 3 27 22 25 7 18 16 34 24 23 5 10 9 31 33 26 4 21 40 30 14 8 11 28 39 2 36 37 38 15 6 19
27 26 36 17 6 15 48 24 11 44 7 14 29 12 1 16 5 9 39 18 2 3 46 45 4 30 50 13 20 19 28 38 35 37 22 10 34 33 40 31 41 8 25 49 42 23 47 21 32 43
18 6 34 49 33 15 20 13 38 14 11 24 43 37 39 23 28 21 50 44 29 5 35 41 16 31 12 47 40 42 1 25 32 4 26 36 27 19 10 46 17 3 9 30 2 45 22 48 7 8
50 1 2 49 3 48 4 47 5 46 6 45 28 29 42 44 7 8 43 9 10 41 11 40 12 39 13 38 14 37 15 36 16 35 17 34 18 33 19 32 20 21 31 30 22 23 24 27 26 25
20 3 19 44 35 7 39 41 25 14 34 6 12 48 30 38 26 36 50 49 5 23 18 28 45 2 11 47 40 33 24 17 42 4 31 37 46 13 16 21 9 32 15 43 8 22 10 27 29 1
3 29 25 35 32 48 18 44 42 6 28 1 21 43 50 10 23 49 8 41 27 5 9 45 34 24 14 30 26 12 46 13 40 37 31 20 2 11 38 22 15 47 16 7 39 36 19 33 4 17
6 2 9 7 1 12 3 4 8 5 10 11
27 30 2 49 45 48 40 44 41 42 50 1 32 47 18 29 12 35 3 8 6 46 24 5 11 38 13 37 16 43 14 25 21 7 15 17 26 19 10 34 22 39 33 9 36 23 20 4 28 31
36 34 25 19 1 35 37 31 50 5 15 18 16 41 8 3 20 27 45 14 48 6 43 10 29 24 2 4 9 40 26 7 47 44 17 21 11 38 12 42 30 32 13 49 28 33 23 39 46 22
34 11 42 48 15 35 46 25 2 37 9 40 12 24 20 8 39 18 47 3 10 7 28 14 45 27 6 33 26 38 32 22 43 50 17 5 49 13 29 30 36 23 1 44 19 4 16 41 31 21
5 18 24 20 17 7 2 12 9 21 19 1 10 6 23 3 4 11 15 13 8 16 14 22
8 17 38 5 1 22 41 39 2 48 9 44 34 11 24 42 16 36 6 43 13 45 33 21 40 4 46 27 30 26 47 20 37 14 31 19 18 12 3 7 35 29 28 25 23 15 10 32
34 33 36 31 32 29 28 27 30 25 26 23 22 21 24 19 20 17 16 4 5 8 7 12 9 10 11 14 13 18 15 43 48 45 46 47 35 38 37 42 39 40 41 44 3 6 1 2
23 12 3 2 11 27 15 35 6 31 49 25 24 13 21 32 47 18 46 33 8 26 41 34 20 38 28 44 50 39 4 36 42 10 1 14 43 16 30 37 45 40 19 17 48 7 22 29 9 5
42 49 19 29 27 15 38 34 48 12 22 20 1 41 11 28 26 8 39 21 33 35 36 31 18 37 10 2 4 45 30 16 40 13 44 7 3 47 46 50 14 6 24 25 17 23 43 32 5 9
1 2 3 4 5 6 7 8 9 10 14 13 12 11 15 16 17 18 19 20 21 22 23 24 25 26 27 28 29 30 31 32 33 34 35 36 37 38 39 40 41 42 43 44 45 46 47 48 49 50
24 12 5 20 25 22 2 18 26 8 13 10 17 6 23 16 15 9 11 7 14 3 1 19 4 21
4 18 29 32 23 14 22 33 44 41 11 10 45 43 46 6 12 21 47 39 25 19 20 34 37 30 24 13 16 35 36 38 8 1 7 49 42 26 2 9 3 28 40 48 15 17 5 50 27 31
47 48 15 12 16 46 41 44 18 50 49 19 14 20 36 33 37 17 11 13 34 31 35 6 3 5 39 32 38 7 45 42 43 9 1 8 40 29 23 28 24 27 22 25 21 26 30 10 2 4
39 48 49 50 8 41 28 1 10 30 42 16 15 9 45 47 25 4 14 5 27 13 46 40 20 29 44 34 7 18 2 3 24 35 36 22 23 6 31 37 26 12 17 19 11 21 38 32 33 43
35 18 41 7 3 31 20 32 50 34 48 30 16 27 38 4 23 42 11 46 44 8 15 2 10 29 6 40 37 39 49 24 5 33 43 12 19 22 13 14 36 21 1 17 9 47 26 25 28 45
21 38 35 6 45 26 12 17 10 19 22 30 48 20 46 49 28 11 24 5 2 14 50 18 39 33 44 37 29 8 42 9 3 1 25 40 31 34 36 47 4 41 7 27 16 13 32 43 23 15
44 31 13 7 45 48 41 37 43 46 29 10 14 32 20 9 42 33 18 26 15 8 38 49 11 36 2 5 19 4 47 34 16 6 30 24 3 12 40 25 50 27 39 28 22 17 23 35 21 1
24 4 14 48 42 27 39 47 10 44 1 35 49 12 25 3 19 2 16 34 41 38 36 21 15 43 40 22 45 23 18 30 29 13 5 8 37 32 20 9 31 46 7 28 26 50 11 6 17 33
10 12 35 23 47 7 27 20 29 26 24 48 42 50 28 44 32 9 4 3 18 43 19 16 5 41 45 33 30 31 39 38 1 13 15 6 25 14 21 11 34 46 40 2 22 36 49 37 17 8
40 39 6 37 38 18 17 21 27 48 13 1 41 33 2 44 7 24 35 22 19 43 47 9 31 10 11 34 50 4 49 5 15 28 20 8 36 45 23 25 42 12 3 46 14 26 30 16 29 32
2 4 6 3 5 1
23 7 2 9 16 27 19 4 26 8 13 6 20 5 30 24 17 22 14 18 3 25 1 12 11 21 29 10 28 15
21 38 44 49 32 31 23 3 24 25 39 36 29 50 30 26 5 20 10 28 27 37 18 35 16 22 42 11 2 40 7 9 8 34 17 15 48 47 19 6 43 4 12 45 41 33 13 46 1 14
22 33 26 4 42 29 34 31 45 16 13 49 50 12 48 3 28 41 6 35 38 27 43 24 7 18 1 14 9 11 21 46 44 40 39 30 36 10 37 2 20 17 23 25 32 47 19 15 8 5
28 7 34 16 18 17 15 24 14 30 3 19 9 26 13 32 6 25 10 21 1 20 4 33 12 31 5 23 8 27 2 29 11 22
4 10 7 12 1 11 9 6 8 2 3 5
36 30 31 32 26 27 29 9 7 8 2 3 5 6 12 11 10 16 15 17 18 48 42 41 39 38 44 43 45 46 47 1 4 13 14 20 19 21 24 23 25 28 22 33 34 35 37 40
49 48 47 46 45 44 43 42 41 40 39 38 37 36 35 34 33 32 31 30 29 28 27 26 25 24 23 22 21 20 19 18 17 16 15 14 13 12 11 10 9 8 7 6 5 4 3 2 1 50
5 40 38 25 7 13 41 15 48 27 6 23 39 26 45 29 35 28 3 20 49 18 1 11 42 36 46 2 16 14 19 31 43 10 37 17 32 34 8 9 24 30 12 47 44 33 4 50 22 21
2 9 4 3 16 1 14 17 13 8 5 7 10 15 20 19 12 6 18 11
49 9 15 22 4 14 45 34 44 11 47 32 17 6 1 48 39 43 46 37 2 50 41 7 18 23 10 24 29 8 20 13 42 35 12 21 25 38 16 31 36 5 33 40 26 30 27 19 28 3
7 9 14 1 23 21 18 45 47 19 12 34 2 31 41 17 25 48 40 39 36 24 13 22 32 8 33 29 10 16 38 4 35 37 6 28 15 26 50 30 5 43 3 49 20 27 42 46 44 11
45 1 19 47 50 6 32 31 7 13 9 30 39 21 43 16 48 35 49 25 20 17 12 42 29 41 36 33 4 11 5 46 23 37 24 40 34 28 38 10 14 26 3 2 15 18 27 22 8 44
10 48 13 38 50 41 43 25 15 24 37 29 1 28 22 4 45 7 42 8 44 26 19 6 33 49 17 27 34 36 16 12 18 2 46 39 11 9 35 20 14 30 21 23 31 47 3 5 32 40
21 36 29 6 34 11 15 20 24 38 14 32 8 23 41 2 31 17 3 42 19 10 9 26 33 13 28 27 12 39 1 18 35 22 16 46 43 25 5 7 37 44 4 45 30 40
15 42 26 10 11 40 2 3 39 21 37 8 33 36 20 34 23 29 38 14 16 13 18 28 17 9 6 5 30 27 7 22 1 41 19 24 12 35 32 4 31 25
38 14 13 18 17 36 39 1 2 35 9 10 42 41 11 32 20 26 25 27 28 40 12 5 6 44 43 37 15 16 50 49 3 4 48 47 31 21 22 30 29 23 24 34 33 19 46 45 7 8
34 18 27 14 40 36 6 10 49 46 48 13 45 31 43 30 19 12 39 47 23 28 15 3 32 8 20 4 16 1 5 35 38 33 22 2 26 9 29 50 42 44 7 41 21 37 25 11 17 24
45 44 13 12 36 37 38 39 40 41 42 43 35 11 22 23 24 25 26 27 46 47 48 49 34 33 32 31 28 29 30 14 15 16 17 18 19 6 7 8 9 10 20 21 50 5 4 3 2 1
7 6 5 4 3 2 1 41 26 42 37 35 9 15 28 39 29 40 32 16 10 18 27 49 31 50 12 24 11 17 33 8 36 34 25 14 48 21 22 20 38 30 13 45 19 47 43 23 44 46
49 37 5 19 40 26 27 6 20 38 24 11 32 10 12 1 2 50 30 9 45 35 31 41 47 14 16 18 8 17 7 15 36 34 23 25 3 4 44 48 13 46 33 43 28 21 22 42 29 39
29 19 38 9 2 42 50 40 8 35 39 20 21 5 6 13 27 49 46 15 41 34 18 26 30 12 45 31 33 44 17 7 4 37 36 25 16 24 22 10 3 1 43 14 47 28 48 32 23 11
3 2 1 5 4 6
39 45 34 14 29 8 9 13 5 22 37 17 40 27 36 2 10 49 47 21 11 32 6 50 44 12 18 41 4 33 25 38 26 19 16 20 42 35 3 43 28 48 1 23 31 15 46 7 30 24
9 31 24 7 40 5 47 4 3 13 6 21 11 44 35 22 23 30 45 38 1 12 28 42 27 14 15 18 20 41 17 34 8 2 37 19 49 33 43 32 46 16 25 10 48 26 50 29 36 39
2 34 20 25 7 21 15 37 6 32 43 22 14 31 47 4 12 38 49 40 30 29 17 24 48 42 39 45 23 50 5 16 19 27 9 41 26 18 28 33 13 3 8 44 11 10 35 36 46 1
7 45 4 25 14 49 40 32 38 2 35 6 17 8 18 28 29 9 21 34 46 12 24 37 42 27 11 5 20 10 19 31 48 33 16 39 41 50 1 43 26 44 3 47 23 15 22 13 30 36
50 30 9 18 6 10 16 38 35 22 49 29 24 17 48 15 32 8 44 34 1 25 41 12 36 11 19 33 31 42 43 5 39 20 26 28 47 37 45 14 2 7 40 21 13 3 46 23 27 4
11 7 6 5 12 10 4 2 1 8 3 9
16 24 45 15 8 37 17 4 48 42 21 28 38 20 1 12 31 32 27 5 43 44 29 26 3 40 34 35 23 13 19 18 39 10 36 2 9 46 22 14 33 7 25 11 6 30 49 50 41 47
34 9 33 19 7 5 50 2 38 42 1 10 20 49 6 8 12 35 48 28 13 40 30 3 44 41 37 4 14 17 46 11 36 24 39 29 15 21 18 32 47 27 25 26 16 31 22 43 45 23
14 18 20 41 47 31 3 15 4 38 32 33 19 7 48 28 27 16 22 8 30 35 50 21 25 10 37 43 29 17 12 9 44 45 49 13 23 2 34 42 5 11 1 39 46 36 6 24 26 40
44 48 9 25 34 27 28 10 23 42 43 6 8 12 38 40 39 37 31 45 2 47 17 29 15 3 13 30 35 5 4 32 1 50 16 24 33 41 18 49 19 22 11 46 21 20 7 36 14 26
15 48 43 36 18 41 45 8 4 5 21 13 1 28 40 22 20 46 26 2 49 30 29 44 38 14 50 32 27 23 24 12 33 39 17 7 11 10 25 47 31 6 19 42 34 3 37 9 16 35
2 12 19 21 39 40 14 25 27 33 41 35 3 23 10 47 42 4 15 7 26 5 8 30 37 32 6 20 29 18 31 16 38 36 28 9 50 17 43 22 13 1 48 45 24 46 44 49 34 11
46 8 20 24 45 31 49 5 47 7 23 25 36 14 9 17 4 37 2 28 29 10 35 12 26 11 30 32 44 1 21 3 22 6 38 48 50 13 33 19 42 18 43 40 41 39 15 16 34 27
34 22 50 38 39 26 19 8 41 43 4 5 1 20 33 9 32 18 2 46 29 23 35 17 12 31 15 40 37 28 48 44 3 7 42 14 24 13 10 16 45 27 11 6 36 49 30 25 47 21
13 1 14 7 8 3 5 9 11 10 6 12 2 4
12 15 19 3 4 7 9 16 8 17 13 1 14 6 5 10 18 2 11 20
2 15 16 13 8 6 14 5 7 12 4 1 3 9 10 11
1 39 14 5 20 18 2 40 32 9 38 36 12 29 28 4 11 3 13 30 26 35 7 22 17 33 19 6 25 8 37 16 27 10 21 15 31 34 24 23
12 4 20 47 23 41 32 40 37 45 22 27 50 7 36 43 2 29 17 15 26 33 34 5 10 18 1 42 11 19 39 28 16 49 8 44 21 6 48 25 3 24 9 38 31 30 46 13 14 35
27 1 34 2 31 13 46 15 29 32 25 8 3 40 44 11 30 20 47 37 4 49 33 38 23 45 5 42 12 24 17 26 10 18 19 16 7 50 21 22 43 36 6 48 35 41 14 39 28 9
1 2 3 4 5 6 7 8 9 10 11 12 13 39 40 41 42 43 38 37 36 35 30 29 28 27 46 45 44 31 32 33 34 21 20 19 18 17 16 15 14 22 23 24 25 26 48 47
32 31 30 29 28 27 26 25 24 23 22 21 20 19 18 17 16 15 14 13 12 11 50 49 48 47 46 45 44 43 33 34 35 36 37 38 39 40 41 42 1 2 3 4 5 6 7 8 9 10
16 17 15 10 20 21 19 18 13 11 14 12 7 6 37 5 9 4 3 2 30 50 49 45 43 44 46 48 47 42 41 36 35 8 40 39 38 34 33 32 31 1 29 28 27 26 22 23 24 25
33 19 11 49 23 30 25 3 18 24 31 43 47 14 37 46 2 40 13 4 21 35 32 1 34 9 29 39 22 8 17 50 28 42 41 48 38 26 5 20 10 44 15 45 6 27 36 7 16 12
11 12 8 29 23 30 28 40 38 41 18 10 36 31 27 1 16 13 46 48 47 39 37 25 42 9 19 24 4 44 21 45 3 34 2 5 43 14 20 32 7 6 26 17 35 15 22 33
35 10 17 21 30 26 46 8 7 28 42 48 36 37 43 24 25 11 39 29 44 20 13 47 23 19 1 27 18 9 34 22 38 12 32 16 50 41 40 33 6 15 45 5 49 14 2 31 3 4
11 32 14 36 9 10 12 16 20 30 13 5 4 25 34 28 33 19 21 2 8 50 17 37 18 49 44 43 39 3 7 31 47 35 38 23 45 41 42 1 22 15 46 26 29 48 24 40 6 27
4 17 34 48 27 33 40 41 47 32 42 24 45 29 1 43 44 9 26 25 22 12 39 7 19 35 18 2 28 23 13 21 14 3 8 50 30 20 31 37 10 15 5 6 38 36 16 46 49 11
3 9 33 47 23 20 28 37 18 34 49 39 27 48 26 13 38 25 41 43 8 21 40 5 36 32 50 24 12 1 29 44 31 46 35 16 14 42 7 30 17 22 11 10 45 15 4 2 19 6
4 18 22 36 30 14 35 46 8 41 13 47 21 20 12 9 11 23 50 26 15 2 1 3 7 33 17 27 19 45 37 38 24 28 42 16 40 48 29 49 43 32 10 39 25 44 31 5 34 6
2 1 4 6 3 5
47 15 27 38 41 33 12 22 34 9 11 25 49 35 45 13 24 4 16 44 31 5 8 21 43 36 2 29 40 50 48 20 17 32 42 7 10 23 39 6 1 19 37 28 18 30 46 26 14 3
9 1 5 3 2 10 12 11 6 8 4 7
3 2 1 4 5 10 11 12 13 14 8 7 6 9 23 22 18 19 20 24 21 17 16 15
12 5 40 34 20 6 22 27 10 49 32 48 4 21 44 35 50 25 13 9 17 39 46 43 8 24 42 29 2 28 16 31 33 3 38 41 19 30 11 37 14 15 36 26 23 7 18 47 45 1
29 50 18 11 6 26 38 15 43 35 39 7 4 23 27 41 13 9 19 40 12 42 3 1 21 25 49 10 20 36 48 2 22 28 31 8 30 16 46 17 5 47 32 34 24 33 45 14 37 44
16 39 2 23 21 14 30 43 3 15 17 44 49 11 48 9 26 40 7 38 35 4 33 31 27 41 45 24 5 18 13 25 28 29 22 36 32 6 1 10 12 34 42 19 46 37 47 20 8 50
14 42 25 34 4 22 30 17 20 9 43 45 49 35 23 7 18 50 5 37 12 46 40 36 33 24 16 39 10 8 28 3 6 32 21 26 27 2 31 11 15 13 47 38 48 1 29 19 41 44
42 41 45 44 48 47 46 19 35 34 33 37 36 40 39 38 11 22 23 24 20 21 17 18 5 1 2 3 4 8 7 6 43 27 26 25 29 28 32 31 30 14 15 16 12 13 9 10
47 43 16 2 28 49 50 3 33 14 37 8 10 19 32 22 11 17 21 31 6 12 18 1 46 9 41 38 24 13 4 42 44 39 29 30 25 40 26 35 15 48 34 23 7 27 5 20 36 45
38 28 18 22 42 13 2 39 9 35 48 32 3 47 36 45 23 50 5 17 40 24 41 33 29 20 1 15 44 16 21 12 37 14 4 31 26 27 7 11 49 43 30 8 19 34 46 10 25 6
1 4 7 2 8 6 3 5
42 50 39 28 11 38 15 2 1 41 14 30 40 37 24 17 47 12 18 4 25 43 27 34 9 8 21 23 7 44 26 32 20 29 49 22 45 31 19 16 10 33 36 3 13 48 6 35 5 46
6 13 3 4 10 7 8 2 1 11 9 14 5 12
46 39 11 21 33 5 35 4 38 29 15 30 28 24 45 26 14 27 12 7 16 18 8 2 32 10 40 50 9 19 31 25 23 3 1 6 17 20 36 13 34 41 44 48 42 43 37 22 47 49
1 2 4 3 6 5 7 8
37 38 39 42 41 40 36 35 34 31 32 33 22 23 24 28 29 30 27 26 25 21 20 19 15 18 17 16 12 11 10 7 8 9 13 14 45 44 43 46 47 48 4 1 2 3 6 5
39 36 4 27 8 31 42 17 35 38 12 18 44 34 1 16 25 45 46 49 2 14 6 41 32 19 50 11 48 22 21 24 37 5 30 23 43 15 40 26 10 3 33 20 29 9 28 7 13 47
2 23 3 4 17 10 20 18 9 16 11 13 8 6 26 15 24 22 5 19 1 14 12 21 7 25
15 3 14 9 12 7 11 6 10 4 2 5 8 1 16 13
47 48 44 43 42 41 45 46 11 38 39 40 36 37 33 34 35 14 15 16 12 13 9 10 21 17 18 19 20 24 23 22 27 26 25 29 28 32 31 30 6 5 1 2 3 4 8 7
26 15 19 17 12 18 48 35 46 37 28 3 33 42 38 47 10 39 11 25 7 2 22 41 36 20 32 24 4 5 29 6 44 9 27 30 14 13 1 40 45 16 31 8 34 43 21 23
22 41 4 14 49 40 30 10 13 2 27 26 39 23 12 31 33 28 24 11 42 36 48 7 5 19 47 45 38 25 20 9 34 37 50 16 15 17 44 35 46 18 1 3 32 29 43 8 21 6
5 29 2 13 18 10 25 3 24 32 46 4 31 47 50 38 8 44 36 34 15 9 28 12 21 39 49 6 48 7 41 27 26 42 1 20 40 43 45 23 11 37 33 17 19 30 22 16 14 35
34 33 35 38 40 39 37 20 12 10 9 11 14 16 15 13 28 26 25 27 29 44 42 41 43 46 48 50 49 31 32 30 23 24 22 19 17 18 47 45 36 21 5 7 8 6 3 1 2 4
1 21 23 41 48 32 18 40 7 22 26 30 43 3 16 34 31 13 17 15 42 5 46 39 11 6 50 27 25 33 38 44 9 29 2 4 49 24 28 47 14 12 35 36 37 8 10 20 45 19
42 38 29 26 17 49 30 19 28 9 16 33 46 8 18 24 37 34 11 27 50 4 39 15 20 32 43 40 31 44 35 7 36 10 1 41 12 45 21 23 47 22 5 6 14 3 25 2 48 13
39 45 42 18 10 41 14 40 7 36 28 13 12 35 19 47 26 1 27 4 2 43 8 33 16 29 25 11 20 49 24 17 50 32 34 9 3 38 37 31 6 46 15 22 44 48 30 21 5 23
10 2 4 1 3 6 9 5 7 8
30 11 29 22 35 47 2 17 10 41 12 39 37 4 49 48 19 28 15 32 27 31 18 45 21 6 9 26 50 44 33 24 7 25 40 3 23 14 46 34 5 42 16 36 43 38 20 8 1 13
20 21 23 22 24 1 6 4 5 3 2 7 12 10 11 9 8 13 18 19 14 15 17 16
10 5 41 7 46 28 3 33 30 27 17 32 25 26 24 21 19 11 4 48 35 15 47 22 18 14 23 42 31 36 39 16 40 29 20 6 45 34 49 44 43 37 13 2 8 12 9 38 1 50
7 43 11 14 26 3 19 9 27 1 22 10 23 36 30 32 17 16 42 18 45 20 24 44 46 33 39 35 21 29 2 12 40 48 15 41 25 8 5 37 6 28 47 4 13 38 31 34
13 4 11 18 14 20 21 12 3 10 2 22 8 7 5 17 9 6 19 1 16 15
41 47 17 6 33 42 14 15 38 27 26 24 25 45 48 12 23 43 21 46 19 8 5 31 18 34 44 16 11 37 49 28 40 4 7 35 39 3 20 30 1 22 29 2 50 13 10 9 32 36
16 17 15 14 19 18 25 24 29 28 26 27 30 23 22 21 20 13 12 11 10 9 8 7 6 5 4 3 2 1
33 47 41 46 34 35 27 18 28 49 17 25 50 37 9 23 32 30 3 20 39 16 15 31 7 4 43 42 44 24 1 38 11 5 19 36 6 22 29 40 14 48 13 12 45 26 21 10 8 2
23 31 19 26 21 27 29 32 22 17 18 28 20 30 24 25 49 50 4 14 8 2 12 1 6 13 16 7 15 3 10 5 11 9 33 44 34 42 37 43 41 40 46 36 38 45 35 48 39 47
18 8 50 45 7 39 5 23 22 21 44 4 38 28 27 34 14 24 31 49 36 30 13 10 20 9 11 19 26 1 17 48 2 32 43 16 12 29 42 41 25 33 47 35 37 15 6 40 46 3
33 15 50 3 46 35 20 48 2 11 5 32 13 49 19 21 1 4 42 27 47 40 39 22 17 44 29 9 41 37 36 38 45 24 30 43 16 26 8 12 25 23 10 18 7 31 14 28 6 34
13 40 39 38 37 36 35 34 30 31 29 28 27 26 25 24 23 22 21 20 19 18 17 16 15 14 8 9 10 11 12 7 6 5 4 3 2 1 32 33
26 3 19 42 32 29 2 11 33 12 16 34 23 7 13 45 31 4 38 49 10 9 47 25 17 46 40 22 44 1 43 36 35 20 39 14 8 28 15 27 6 18 30 48 41 5 24 50 37 21
32 31 5 13 20 33 16 14 49 48 29 24 8 15 37 17 11 19 7 42 9 28 41 39 38 50 22 30 3 1 23 4 26 18 36 46 6 25 47 44 35 34 40 43 21 27 2 45 12 10
22 12 26 25 43 44 28 48 47 39 35 34 36 32 31 23 29 30 24 2 3 37 38 18 17 27 13 14 4 20 19 45 49 50 16 42 41 15 11 10 6 5 21 9 8 46 40 7 33 1
3 2 1 5 4 8 7 6 14 15 16 12 13 9 10 11 19 22 23 24 20 21 17 18
29 17 34 28 12 5 4 6 42 49 37 38 10 11 39 24 14 7 43 25 27 40 1 50 41 15 21 44 45 13 31 36 22 8 33 46 9 16 48 30 20 47 23 3 32 19 26 2 35 18
27 30 14 18 22 47 11 3 41 42 45 1 12 35 49 21 7 31 8 10 38 33 4 43 34 16 9 39 25 19 26 15 17 44 24 6 32 46 37 48 13 28 23 29 20 5 2 50 36 40
7 3 8 10 9 1 5 6 4 2
41 36 21 13 11 47 45 49 16 22 6 44 43 37 8 4 10 38 29 33 9 20 18 30 34 32 3 7 15 42 27 35 24 5 23 48 39 31 14 1 19 26 46 50 17 2 28 40 12 25
3 2 1 5 6 35 46 47 48 44 45 41 42 43 30 29 25 26 23 24 20 21 17 18 19 27 28 32 31 4 8 7 10 9 13 14 15 16 12 11 22 38 39 40 36 37 33 34
41 42 43 11 10 9 8 40 39 38 6 5 37 36 4 3 2 1 45 44 12 13 14 15 16 17 18 19 20 21 22 23 24 25 26 27 28 29 30 46 47 48 7 35 34 33 32 31
6 2 4 7 1 5 8 3
10 22 18 17 44 19 35 26 39 45 23 11 7 42 25 3 49 47 29 9 4 14 36 30 32 21 37 28 24 41 20 46 43 5 8 27 16 40 50 13 33 1 38 31 2 12 15 6 34 48
48 47 46 45 44 43 42 41 40 39 38 37 36 35 34 33 32 31 30 29 28 27 26 25 1 2 3 4 5 6 7 8 9 10 11 12 13 14 15 16 17 18 19 20 24 23 22 21
31 40 23 13 4 1 32 12 34 46 36 41 50 18 2 3 39 26 7 42 5 15 43 47 6 25 35 48 17 45 30 37 33 20 21 16 49 8 24 38 19 44 28 27 29 14 22 11 9 10
6 1 4 3 2 5
18 10 36 33 5 7 29 27 23 39 38 44 24 42 1 12 4 31 2 16 14 8 37 13 35 43 40 30 9 19 22 25 17 46 34 6 11 41 32 26 3 28 20 15 45 21
18 17 16 15 14 46 30 29 28 27 26 25 24 23 22 21 20 19 43 42 41 40 39 38 37 36 35 34 33 32 31 1 2 3 4 5 6 7 8 9 10 11 12 13 47 48 45 44
4 21 30 43 39 12 49 48 17 18 25 40 34 37 22 20 10 45 28 38 7 9 50 5 36 41 26 15 33 19 16 6 27 42 47 2 23 32 13 14 31 1 11 46 3 29 8 35 24 44
23 20 48 29 42 6 9 10 14 35 15 8 4 31 43 12 18 3 25 1 27 32 47 16 22 26 28 41 38 36 5 46 30 45 33 11 34 44 17 2 7 19 13 50 39 37 40 49 21 24
27 35 6 45 41 33 26 30 40 24 34 20 7 21 12 39 19 22 37 11 38 48 46 5 25 14 15 36 32 9 16 47 4 3 17 42 50 13 29 49 43 2 28 31 1 23 10 44 8 18
3 2 4 1
5 24 25 23 19 16 7 3 6 11 21 2 8 17 26 13 14 4 1 15 12 10 18 9 22 20
13 6 34 14 20 37 16 11 3 46 36 28 8 48 17 43 29 39 9 45 50 38 44 22 35 24 49 25 32 19 10 26 40 4 5 31 23 47 15 30 41 1 21 27 7 33 2 18 12 42
41 38 10 12 21 17 48 4 49 19 8 14 47 13 43 7 11 15 30 32 50 44 39 27 9 37 6 40 22 26 46 29 45 42 16 20 18 2 23 25 34 31 36 28 33 3 5 1 24 35
17 2 28 42 13 6 43 33 12 30 7 10 39 14 37 46 11 34 23 15 9 47 41 36 5 29 31 38 24 48 50 22 1 40 44 18 49 25 20 32 3 19 45 35 26 21 16 27 4 8
8 16 39 11 19 12 13 24 1 26 30 42 14 35 45 41 29 20 33 37 43 38 2 4 10 40 17 34 47 9 49 28 31 36 6 21 25 15 46 23 5 22 3 18 44 48 32 50 27 7
40 43 15 45 47 38 21 29 24 49 16 34 5 14 31 12 39 25 22 8 46 23 35 19 11 7 37 18 28 36 17 4 50 26 41 3 48 13 6 30 27 1 20 9 44 42 10 2 32 33
23 7 41 34 44 13 9 28 27 15 21 3 46 48 43 22 47 50 45 17 26 6 16 8 33 38 31 20 25 11 40 29 30 2 14 1 36 35 49 24 32 5 19 4 42 18 39 37 10 12
3 2 1 5 4 8 7 6 35 34 33 37 36 40 39 38 27 11 10 9 13 12 16 15 14 19 30 31 32 28 29 25 26 44 48 47 46 45 41 42 43 22 23 24 20 21 17 18
23 10 5 25 2 15 6 12 21 22 18 20 14 13 17 4 1 7 24 26 9 19 11 8 16 3
48 45 47 44 41 43 46 42 38 34 40 37 39 36 33 35 32 30 25 29 31 28 26 27 24 21 22 18 19 17 23 20 14 9 16 13 15 12 10 11 8 5 6 4 7 3 2 1
13 2 9 3 5 6 7 8 1 16 17 14 10 15 12 4 11 18
39 6 46 27 50 10 36 15 45 11 22 49 14 31 8 1 20 29 7 40 38 34 4 33 44 18 26 5 41 28 37 17 47 13 21 43 25 35 16 23 19 2 48 3 42 12 24 9 32 30
2 8 7 10 42 14 21 17 33 11 16 1 9 45 48 49 50 46 47 39 28 19 22 18 35 34 40 37 44 36 43 20 38 27 31 32 3 25 24 41 12 29 15 26 23 30 4 6 5 13
8 7 6 42 41 40 10 9 39 38 37 11 12 36 35 13 14 34 16 15 33 32 31 17 18 30 29 19 20 44 43 5 4 46 45 3 2 1 47 48 24 23 25 26 27 21 22 28
45 9 8 25 12 18 39 37 34 17 6 14 26 21 49 1 41 23 42 29 47 27 20 22 48 30 11 40 19 24 46 3 35 16 2 50 38 4 5 15 31 28 36 7 10 44 33 43 13 32
3 13 26 25 30 42 32 27 37 8 15 7 21 9 18 22 35 33 36 28 39 40 49 19 29 1 47 17 14 45 43 44 12 2 20 48 5 41 50 11 4 38 23 31 46 34 16 10 6 24
5 3 4 2 6 1
36 20 19 24 35 14 11 3 21 2 38 42 10 40 7 23 49 31 5 30 43 6 13 45 22 25 1 4 29 46 16 33 32 15 44 12 48 47 39 8 50 28 18 41 27 26 34 9 37 17
2 4 8 1 5 7 6 3
50 2 1 46 47 48 49 27 28 29 30 31 32 33 34 35 36 37 38 39 40 41 42 43 44 45 26 25 24 23 22 21 20 19 18 17 16 15 14 13 12 11 10 9 8 7 6 5 4 3
3 19 30 25 14 31 28 34 7 24 23 5 22 10 27 29 36 9 6 2 20 11 15 8 32 16 35 21 12 1 18 26 4 33 13 17
2 11 12 5 46 34 44 1 22 42 14 36 29 3 37 48 41 25 4 38 7 33 24 30 35 6 20 45 8 19 23 47 39 21 28 9 32 15 31 27 18 43 16 17 10 13 40 26
49 40 7 1 8 37 14 46 43 50 39 10 12 45 16 21 18 41 6 33 23 31 22 32 25 26 3 19 38 15 24 36 34 35 47 48 29 4 2 44 28 13 9 11 42 20 27 17 30 5
15 14 13 6 5 4 18 17 16 1 2 3 12 11 10 9 8 7
40 9 10 42 41 39 36 2 22 13 7 38 35 19 21 29 48 32 47 24 27 28 45 16 31 33 30 15 17 11 14 34 37 8 46 18 26 50 1 5 6 20 3 44 23 49 12 43 4 25
22 4 42 31 26 9 40 20 8 29 18 11 44 32 46 43 10 19 41 35 34 1 6 14 45 50 15 3 28 48 36 17 25 16 38 7 24 39 5 33 13 47 27 30 2 37 23 49 12 21
48 31 43 14 44 32 13 50 7 19 39 3 8 28 1 22 4 42 25 11 21 35 20 26 18 34 40 47 2 49 46 23 37 17 5 30 15 10 33 12 38 36 29 6 24 45 41 27 16 9
13 25 8 32 16 41 43 34 31 2 38 39 18 20 28 4 33 1 45 23 30 6 46 37 14 26 22 27 15 3 12 11 21 5 9 17 7 19 10 44 24 36 42 35 29 40
12 18 46 44 14 28 15 25 40 11 10 24 38 26 1 9 32 34 27 5 35 42 16 45 29 20 6 8 17 36 21 19 39 3 41 31 2 23 33 7 4 22 13 30 43 37
48 47 43 40 21 13 16 22 45 29 25 28 23 7 31 19 24 15 4 27 10 1 35 5 36 37 2 26 9 3 20 44 14 18 34 32 11 30 39 42 46 49 38 17 12 8 50 41 33 6
28 25 15 4 2 5 24 11 30 34 49 48 45 10 18 20 16 27 31 46 12 8 32 26 14 7 1 13 40 22 50 39 43 23 6 19 37 47 36 38 42 44 29 35 17 21 9 41 33 3
23 6 15 2 25 5 10 16 3 8 11 19 9 26 24 7 1 4 17 13 14 20 18 22 21 12
16 1 24 26 13 15 21 10 23 22 17 2 5 18 25 8 30 19 7 12 9 4 6 29 28 20 27 11 14 3
38 37 39 28 30 29 19 21 20 10 12 11 1 3 2 43 44 34 36 35 25 27 26 16 18 17 7 9 8 5 6 4 14 15 13 23 24 22 32 33 31 42 40 41
28 3 31 26 22 35 12 32 36 8 29 34 1 21 7 33 4 15 9 2 43 40 5 18 44 24 14 25 38 30 11 50 42 10 37 20 6 41 23 48 49 13 45 39 17 46 16 19 47 27
2 15 50 49 25 21 18 7 36 4 31 35 32 12 47 27 20 38 26 11 6 22 9 40 30 1 45 8 48 34 28 46 43 16 19 17 37 14 10 13 33 3 44 29 41 42 5 39 23 24
4 6 21 35 13 16 50 3 46 37 34 18 10 25 11 23 42 41 30 33 28 24 2 36 15 1 14 20 7 29 49 12 5 22 47 43 27 45 38 31 26 9 19 32 48 40 39 17 8 44
27 11 30 5 40 35 50 28 15 18 7 33 49 48 4 26 29 10 13 17 46 6 23 14 38 3 43 19 1 25 22 39 31 41 8 24 34 37 16 9 47 21 36 44 45 20 32 12 42 2
45 46 47 9 8 7 6 5 23 3 40 41 42 43 44 20 21 37 38 39 19 32 31 36 35 34 33 26 25 24 4 22 29 28 27 30 1 2 18 17 16 15 14 13 12 11 10 50 49 48
43 21 15 2 11 39 7 45 1 44 37 41 12 20 14 49 22 18 47 16 4 26 29 31 6 48 50 23 32 10 24 8 5 19 3 27 30 36 46 9 34 13 38 25 40 17 42 35 33 28
48 45 29 24 21 23 17 39 6 22 12 47 19 3 43 30 44 4 35 20 32 2 38 8 11 18 5 28 41 10 40 33 27 9 15 37 42 34 16 1 7 13 26 25 31 46 14 36
12 11 10 14 15 16 9 41 48 47 46 42 43 44 45 25 32 31 30 26 27 28 29 13 5 37 21 20 19 18 22 23 24 17 33 40 39 38 34 35 36 4 3 2 1 8 7 6
28 1 27 6 21 13 17 4 19 22 14 11 7 9 18 23 20 12 2 26 31 16 32 29 10 24 3 15 25 30 5 8
43 50 34 21 7 12 26 13 2 14 31 49 28 25 41 46 40 11 9 16 35 47 42 8 5 22 39 44 27 17 4 24 30 48 32 18 3 19 29 38 33 15 1 23 37 45 36 20 10 6
14 9 11 10 16 6 13 7 12 3 5 4 15 2 8 1
18 3 15 17 21 19 16 22 9 14 1 6 26 23 13 4 24 8 20 5 11 7 25 10 2 12
