20 45 50 10 9 19 7 47 1 11 22 49 43 25 21 12 38 27 44 36 16 32 30 42 41 48 29 8 40 37 2 28 5 14 33 15 46 3 4 26 17 24 23 35 39 34 13 31 18 6
29 21 39 19 50 7 25 38 16 45 13 42 8 49 24 32 15 41 22 30 1 48 17 40 20 28 3 43 18 31 14 27 23 47 2 33 10 46 12 44 11 37 9 36 4 26 5 35 6 34
49 7 37 9 48 20 31 25 28 14 42 23 30 26 46 16 44 3 40 21 47 24 41 6 43 4 38 18 34 15 35 13 32 2 11 33 19 39 17 50 12 27 22 45 10 1 5 29 8 36
40 47 2 37 14 17 13 49 3 25 21 38 30 34 20 42 5 12 44 29 19 16 18 36 43 27 10 24 1 6 41 28 26 22 23 8 31 35 32 7 50 33 9 15 11 45 48 4 46 39
7 31 12 24 15 16 13 5 44 18 33 28 11 2 39 3 36 22 38 32 6 43 17 35 4 23 49 30 41 50 25 34 19 42 21 48 26 46 40 45 9 37 47 10 29 8 27 14 1 20
14 6 8 12 10 11 1 2 5 16 13 15 4 7 3 9
17 11 42 28 40 7 21 30 26 44 8 45 48 31 2 10 43 35 50 22 1 32 29 39 9 23 20 36 38 19 12 46 13 18 27 4 3 49 41 5 6 34 15 16 47 37 24 14 33 25
42 14 43 5 29 18 41 7 15 13 3 9 25 6 27 31 2 47 21 28 19 10 45 11 1 33 17 12 49 23 32 36 16 44 46 38 26 39 20 48 40 35 4 50 22 37 34 30 8 24
30 2 19 20 21 1 5 4 3 23 24 25 26 27 28 29 9 10 11 12 13 14 8 7 6 18 17 16 15 22
46 47 45 38 37 48 33 39 30 44 23 34 27 32 29 35 28 50 43 49 36 42 31 41 22 26 25 21 40 19 20 15 3 2 8 9 4 6 13 14 10 5 16 12 7 1 18 17 24 11
7 6 5 8 3 1 4 2
24 40 41 34 45 38 42 20 37 10 36 5 18 27 33 32 50 12 16 31 21 19 13 11 39 48 26 2 49 17 30 46 9 47 22 25 28 35 6 29 8 23 3 44 43 7 14 1 4 15
7 4 47 29 5 16 33 49 21 15 50 25 17 28 3 46 24 38 2 45 9 13 32 43 12 11 31 41 10 48 40 1 34 14 26 6 22 36 37 8 23 30 42 20 35 27 19 18 39 44
30 27 7 33 39 34 3 17 19 11 29 21 32 4 46 28 5 1 12 36 2 16 47 20 10 49 50 14 13 8 37 6 26 48 23 25 42 9 43 40 31 22 35 38 24 15 41 44 45 18
11 43 34 29 6 23 16 47 18 19 7 28 4 15 5 31 21 3 44 14 8 45 39 22 25 30 49 27 38 9 1 41 10 13 26 33 2 32 50 36 37 40 35 24 46 12 48 42 17 20
9 14 3 32 34 17 33 45 23 15 7 36 40 13 35 41 11 30 29 43 20 6 49 16 24 46 39 48 5 31 27 22 12 38 18 19 42 44 1 4 28 37 47 10 26 21 8 50 25 2
37 26 38 9 42 19 7 14 50 33 18 8 41 4 49 28 11 43 24 46 21 2 36 27 1 23 16 31 40 39 29 10 25 3 32 15 17 30 6 13 34 12 45 47 44 48 35 5 22 20
42 15 22 45 33 32 36 31 2 3 4 48 1 13 14 7 35 34 40 44 43 18 17 29 30 23 11 10 19 20 16 12 21 9 8 46 39 38 37 25 41 5 6 47 27 26 28 24
4 3 5 2 6 1
25 26 19 37 10 43 17 32 22 11 46 9 39 4 44 13 40 18 23 20 47 6 31 29 30 1 33 12 28 48 49 15 42 50 27 45 35 8 16 24 41 38 21 14 34 2 3 5 7 36
25 21 39 40 8 38 20 32 29 17 23 15 36 43 24 46 16 49 18 10 48 37 5 12 34 19 4 28 50 13 22 31 42 35 14 44 26 3 1 33 7 2 41 45 11 9 6 30 27 47
25 44 19 16 7 23 5 2 29 4 18 36 10 43 24 30 41 21 28 13 37 9 17 12 34 15 31 6 32 27 20 38 26 11 39 22 40 3 1 42 14 8 35 33
39 40 22 21 20 16 15 14 13 12 11 7 6 31 32 33 34 19 18 17 8 43 42 41 5 4 3 2 1 25 24 23 47 46 45 44 38 37 30 29 28 27 26 35 36 48 49 50 9 10
10 23 22 18 16 3 8 7 5 25 2 1 4 17 6 15 24 26 21 12 11 19 9 13 14 20
11 19 15 8 2 3 17 14 16 7 13 9 10 12 20 5 1 18 6 4
46 20 30 7 43 3 2 31 48 25 18 13 10 12 28 24 1 21 44 9 8 38 33 17 41 19 35 49 29 6 11 50 5 42 15 37 40 27 39 26 14 45 34 16 47 4 36 23 32 22
30 34 38 11 24 37 14 25 33 41 17 23 21 48 9 6 36 49 22 10 46 15 44 26 31 12 20 7 47 43 8 13 27 42 28 32 45 39 19 2 29 5 35 50 40 3 16 4 1 18
19 14 35 21 20 5 28 40 48 13 17 32 23 42 10 31 30 9 1 49 50 29 39 4 41 27 8 22 12 18 33 36 7 24 45 16 6 37 44 46 15 11 3 47 26 34 25 2 38 43
7 5 18 35 32 1 26 17 47 10 30 22 44 50 48 43 14 12 49 9 11 23 45 8 19 3 28 21 20 37 46 38 24 29 42 34 41 2 15 33 13 27 31 40 39 6 4 25 36 16
5 2 28 20 44 33 45 19 27 40 32 16 9 13 29 18 14 23 43 17 37 12 38 26 1 42 7 41 46 4 3 6 36 25 22 50 10 21 15 30 47 11 35 8 34 24 49 39 31 48
19 47 37 29 41 48 17 7 49 13 50 11 20 46 28 5 38 35 32 43 33 25 44 14 12 45 8 10 6 24 26 34 27 39 16 3 36 9 21 31 4 1 40 2 22 15 42 18 30 23
26 25 28 10 11 36 37 40 39 38 22 43 42 41 13 16 15 7 47 46 6 4 45 44 5 8 9 12 18 17 20 31 32 33 34 35 14 30 19 27 29 48 1 2 3 21 24 23
47 23 33 17 39 29 4 12 28 18 43 30 26 41 24 14 40 21 20 44 16 25 7 3 50 11 10 2 15 37 6 27 42 22 32 35 46 19 5 36 8 1 31 9 13 48 34 45 38 49
46 34 23 16 36 40 39 7 26 27 4 45 15 14 9 42 21 17 3 24 28 47 22 49 35 19 10 11 25 1 41 43 32 44 48 29 18 38 5 2 37 20 31 50 12 30 33 6 13 8
7 26 41 50 43 38 31 1 30 11 27 8 42 24 23 28 47 29 6 9 34 14 25 15 17 10 39 20 32 5 36 12 33 18 37 3 48 16 45 4 13 40 49 46 21 35 2 19 44 22
47 48 15 16 12 13 44 17 18 9 10 5 4 3 25 26 29 2 1 21 20 24 23 8 7 6 14 43 30 19 27 22 46 45 42 41 33 37 36 40 39 38 11 35 34 28 32 31
11 15 4 9 3 10 14 2 8 7 6 12 1 13 5 38 36 43 32 46 20 33 37 30 24 19 22 18 39 28 42 25 49 48 40 50 17 45 44 27 16 35 29 41 26 21 23 34 31 47
1 10 6 7 4 5 8 9 2 22 21 28 29 27 26 23 25 24 30 3 18 19 13 12 11 20 16 17 15 14
4 30 33 26 9 15 34 31 24 17 43 35 20 25 19 45 50 46 12 13 23 37 42 3 11 7 29 48 1 22 8 32 44 39 21 16 40 41 36 2 14 10 27 28 38 5 18 6 49 47
24 34 29 33 16 27 8 28 49 7 32 10 46 39 38 17 9 20 35 21 45 30 31 1 3 41 48 5 36 2 44 15 19 11 25 47 13 43 40 23 26 4 14 37 50 22 12 42 6 18
39 48 37 38 15 36 29 27 46 11 28 1 12 25 42 23 32 5 22 2 43 50 21 26 41 44 47 10 7 16 13 24 9 4 8 31 34 19 49 6 3 14 35 30 17 20 18 45 40 33
43 36 28 40 2 25 39 32 7 19 14 11 6 29 37 9 4 47 21 22 1 23 31 44 38 42 49 15 5 33 50 34 17 35 45 10 18 46 8 27 3 12 16 24 30 20 48 13 41 26
9 29 27 34 31 22 37 10 42 19 20 1 30 32 25 50 43 38 33 17 47 24 49 7 3 5 12 26 6 45 11 21 44 41 40 39 4 2 36 35 18 23 14 46 8 13 16 28 15 48
9 4 6 3 7 10 8 5 1 2
35 34 40 20 11 16 32 33 36 9 1 10 50 44 12 19 46 48 3 8 47 49 17 43 45 13 15 39 37 18 14 38 31 6 4 41 42 2 5 7 29 22 30 28 23 27 24 26 21 25
3 27 9 34 42 30 11 5 16 28 19 33 26 24 43 50 32 2 31 25 35 23 7 29 49 13 46 47 38 41 10 17 22 39 48 14 18 40 44 12 37 45 15 36 4 21 1 20 8 6
19 15 49 5 16 34 6 30 48 46 31 25 26 12 40 17 33 43 23 11 4 45 10 9 18 2 36 41 38 39 24 42 44 27 8 22 47 35 37 7 32 14 1 29 50 28 13 3 20 21
25 20 9 19 3 37 35 11 2 32 24 4 50 29 5 33 21 8 36 41 47 40 26 34 10 31 22 43 39 48 28 49 44 45 27 46 38 23 30 1 6 42 7 15 14 13 12 17 16 18
43 4 2 8 19 14 26 7 3 20 10 34 22 5 1 44 45 21 6 27 40 28 9 18 33 41 35 31 29 36 16 23 11 12 46 39 37 42 38 32 50 13 17 15 24 49 25 30 47 48
11 29 8 45 16 2 33 50 32 38 1 4 34 24 47 3 5 40 6 36 31 13 42 17 48 30 44 7 10 35 43 26 22 49 41 15 12 21 27 39 14 46 28 19 18 9 23 20 25 37
37 50 33 18 17 5 45 3 39 11 40 43 35 12 48 36 27 13 9 19 28 44 46 47 15 30 41 29 7 1 49 20 42 25 32 4 6 14 2 22 8 26 21 10 31 23 24 38 16 34
8 4 50 12 5 3 39 23 26 11 48 27 32 20 33 40 9 37 7 30 49 35 10 6 22 45 24 44 21 46 18 42 1 2 34 28 38 47 36 14 19 25 15 13 17 31 41 29 16 43
3 50 1 37 24 16 39 43 40 42 29 35 46 10 25 18 20 13 33 14 34 27 6 26 30 45 12 17 47 21 19 7 23 28 41 2 48 32 4 15 22 49 44 36 31 9 5 11 8 38
18 12 2 21 14 16 9 11 15 5 22 19 17 7 1 4 8 6 10 3 13 20
41 45 44 26 29 25 24 23 42 31 32 28 1 5 20 16 15 33 34 35 11 6 43 14 22 3 4 8 7 13 12 18 17 21 10 9 48 47 46 30 19 27 38 39 40 36 37 2
42 28 14 6 31 16 3 29 45 49 11 39 30 37 27 8 24 15 32 20 17 33 25 1 34 18 23 10 50 12 5 44 48 41 4 13 26 46 2 21 9 19 22 43 40 38 7 35 47 36
3 4 2 1
10 1 7 6 4 3 9 2 8 5
5 4 8 7 22 21 26 27 29 23 20 25 24 28 11 12 10 14 15 18 19 13 17 16 47 42 41 46 9 3 2 6 1 39 33 34 50 49 43 38 35 30 32 31 36 37 40 45 44 48
50 39 10 6 12 2 3 28 1 21 23 44 5 16 13 15 14 32 34 25 20 35 17 19 7 46 37 47 22 43 49 30 36 26 8 33 31 38 42 11 45 40 27 9 48 4 24 41 18 29
36 15 27 25 12 7 41 5 43 14 29 23 8 40 28 22 47 13 1 45 2 34 35 44 6 30 10 31 26 9 48 37 16 38 3 42 21 33 46 17 11 32 39 19 20 18 49 50 24 4
16 19 5 27 49 9 10 34 35 38 18 7 25 40 32 44 20 2 15 43 26 46 24 4 28 50 45 1 17 30 33 41 14 11 22 48 36 3 21 42 37 39 12 23 6 31 47 29 13 8
32 6 20 1 44 15 28 31 21 47 48 29 41 22 50 38 18 25 40 46 34 4 26 49 3 19 42 16 33 7 11 17 14 37 27 13 2 43 23 30 39 12 10 9 36 5 45 35 24 8
3 1 2 4
36 35 15 24 34 2 40 32 12 11 46 45 17 1 26 7 41 50 9 42 3 29 16 37 44 48 5 49 28 22 33 43 4 31 14 47 21 23 27 20 18 39 6 10 25 38 19 8 30 13
37 36 31 12 11 10 9 41 40 39 5 4 3 47 30 29 28 27 13 14 15 43 42 46 35 34 38 24 6 7 8 45 44 2 1 48 49 50 32 33 26 25 20 21 22 23 19 18 17 16
21 19 18 31 29 7 38 25 17 15 20 6 16 35 13 23 12 28 8 33 39 2 14 27 30 37 11 32 40 24 1 34 26 5 3 4 36 10 9 22
41 47 11 36 26 28 23 21 31 14 20 12 25 27 22 38 39 35 46 42 8 37 49 18 2 3 13 16 10 7 15 4 32 19 43 9 44 34 5 17 30 48 24 33 45 50 40 6 1 29
13 50 4 21 48 5 30 23 44 31 8 36 12 14 41 38 1 25 9 35 24 16 27 45 10 18 40 11 34 20 37 26 46 28 42 17 29 7 43 47 15 32 22 3 19 2 33 39 49 6
39 19 9 37 23 11 13 28 45 12 8 16 5 26 2 30 25 48 40 32 3 4 7 43 20 41 15 10 46 36 22 14 47 29 44 17 1 33 21 50 31 34 24 42 6 27 35 49 18 38
9 3 10 2 7 8 5 4 6 1
13 14 9 5 24 23 47 48 16 15 50 8 29 33 4 3 2 22 21 25 30 28 41 34 19 20 40 39 38 37 42 49 45 12 11 27 26 6 7 44 43 31 32 17 10 18 1 46 36 35
29 3 21 15 30 6 38 23 10 24 16 8 26 5 39 45 44 1 50 25 43 13 42 40 7 18 22 35 2 27 36 31 32 12 46 14 47 37 33 4 17 20 9 19 28 41 48 34 49 11
39 40 36 37 33 25 29 21 17 18 8 7 12 13 20 24 23 42 41 45 44 16 15 2 3 4 5 1 48 47 31 32 28 26 9 10 11 46 22 43 19 6 14 27 38 30 35 34
10 13 18 2 17 7 16 9 4 3 5 6 1 11 12 15 8 14
4 17 15 22 24 27 25 2 6 13 1 28 14 16 19 11 5 21 20 12 18 8 7 23 9 3 26 10
21 3 16 17 14 35 11 30 33 20 26 10 39 7 18 6 9 12 37 8 34 27 13 5 32 23 31 38 28 15 1 2 24 25 22 40 29 19 36 4
39 47 3 9 48 22 13 34 4 5 26 42 44 19 31 21 32 33 36 45 1 40 25 49 16 14 43 17 2 18 15 38 6 37 23 11 12 50 41 8 20 35 29 46 7 30 10 28 27 24
42 43 10 48 25 45 1 27 26 46 39 31 18 44 34 33 37 8 15 38 6 21 23 17 30 9 12 47 11 24 36 16 22 19 29 40 41 4 2 3 32 14 5 35 20 28 50 49 7 13
25 4 27 28 19 18 31 30 32 7 10 16 3 48 1 26 36 13 14 20 23 47 46 37 11 22 41 43 38 9 49 34 17 39 50 8 35 15 12 21 2 29 44 33 42 6 5 24 40 45
29 48 16 24 5 34 36 44 8 2 4 31 26 46 13 21 43 35 28 15 7 17 30 37 38 3 14 10 41 50 9 25 19 42 40 22 20 6 33 47 18 12 45 32 39 1 11 23 49 27
17 48 1 36 46 2 15 45 11 10 40 6 34 18 38 49 24 44 20 26 13 27 39 5 21 31 16 32 23 29 9 4 12 28 8 47 42 35 3 41 50 19 37 22 14 33 7 43 25 30
41 7 26 42 16 5 34 21 49 28 2 31 39 48 4 1 15 25 30 27 23 50 43 45 46 6 3 33 12 44 29 38 35 37 9 18 22 13 20 24 19 36 10 32 11 14 8 40 17 47
41 31 12 46 43 22 35 20 14 29 50 2 15 5 40 11 47 3 32 4 42 28 21 13 26 9 6 44 7 37 45 23 48 19 36 34 10 38 39 1 16 30 17 27 18 25 49 8 33 24
11 7 37 22 45 29 25 23 49 38 33 30 40 34 28 36 19 39 47 18 16 1 6 46 43 20 24 21 50 31 2 41 35 12 26 32 3 17 8 27 9 5 14 42 10 44 13 48 4 15
10 25 26 23 2 20 27 28 16 13 19 6 22 3 14 4 21 24 5 7 18 17 15 12 11 29 8 9 1 30
43 49 1 5 4 8 7 3 9 33 30 31 28 24 23 29 22 21 26 27 25 20 11 12 16 17 14 15 10 13 19 18 35 39 40 41 42 46 38 34 37 36 32 2 6 45 44 48 47 50
27 46 9 19 41 7 29 36 18 15 5 48 45 34 13 20 26 2 32 43 11 28 38 17 42 22 37 35 49 3 16 30 47 21 25 10 39 14 1 24 12 6 44 33 31 4 40 8 50 23
4 3 1 6 5 2
21 41 20 29 30 7 18 48 1 44 19 45 25 49 31 46 38 5 15 37 3 40 16 50 39 42 35 4 17 2 28 24 11 6 13 33 47 22 32 10 36 34 43 23 8 27 9 26 14 12
28 7 27 32 31 2 39 19 9 30 24 18 33 26 4 6 50 49 23 8 36 5 45 17 48 37 16 21 47 25 40 29 34 11 41 13 15 14 1 3 38 46 10 20 22 12 35 42 43 44
28 8 9 5 20 24 3 2 15 30 12 23 19 13 11 22 27 18 16 6 29 1 26 17 7 25 4 32 21 14 10 31
35 47 49 39 30 44 8 12 38 6 18 36 16 3 33 24 7 20 21 25 50 34 15 45 5 17 14 9 42 31 26 32 19 27 1 29 46 10 23 2 22 43 48 37 13 28 4 11 41 40
6 8 7 4 5 1 2 3
49 18 44 1 42 34 30 16 19 38 25 6 7 15 12 33 29 43 46 4 40 20 11 2 47 8 50 36 48 3 39 32 13 5 26 35 27 17 41 21 31 10 9 37 14 23 45 24 22 28
46 44 35 4 26 34 23 18 31 2 7 32 12 29 24 3 36 5 45 27 6 16 41 30 8 43 15 49 21 37 1 39 10 40 25 42 22 19 28 33 14 20 50 38 9 48 13 11 17 47
30 44 35 12 5 7 32 13 42 21 43 10 34 38 17 24 37 48 2 3 11 33 6 19 8 41 18 1 47 39 28 20 15 23 14 26 4 45 9 49 16 46 36 27 40 29 31 22 25 50
20 18 36 31 33 43 27 19 17 24 3 6 8 11 14 5 7 13 34 39 41 42 44 37 32 30 12 28 26 25 35 38 10 40 9 50 16 22 21 46 2 29 15 23 45 4 1 49 47 48
11 12 13 7 6 8 9 10 5 3 4 14 15 16 1 2
1 6 5 10 8 7 4 3 2 9
2 1 6 7 8 3 4 5
8 6 4 3 7 2 1 9 10 5
43 19 1 13 17 33 36 32 4 31 38 11 48 12 42 44 8 21 25 47 22 29 41 23 39 9 6 7 40 14 16 15 24 46 18 35 37 28 10 5 45 2 26 3 27 20 34 30
37 2 3 24 22 46 4 47 14 10 50 6 38 28 19 48 31 27 30 25 17 42 41 5 8 20 21 35 44 32 7 33 16 45 18 34 15 39 11 49 1 26 43 13 23 40 29 12 36 9
49 48 44 46 45 41 32 29 30 28 21 31 38 35 37 39 42 43 50 47 40 36 34 33 26 25 23 19 16 14 13 11 8 7 6 4 3 1 2 5 10 12 20 22 24 17 18 15 9 27
4 39 30 7 12 20 22 3 32 28 27 23 49 50 25 16 24 36 34 19 13 11 33 6 15 41 43 44 9 42 40 48 45 8 47 29 37 14 21 26 10 5 38 31 18 46 1 2 17 35
26 39 43 32 6 45 28 14 41 38 5 17 37 2 29 4 3 46 7 13 50 8 27 31 12 44 42 49 22 47 19 10 9 40 48 11 23 20 24 35 15 18 25 33 21 36 34 1 30 16
29 44 37 4 24 11 27 21 5 30 12 23 14 25 18 7 45 22 42 17 46 32 8 50 39 35 47 28 38 16 36 3 34 13 26 40 2 33 41 19 20 15 10 49 31 9 48 6 43 1
10 2 3 17 12 4 11 5 20 16 13 6 7 19 18 14 1 9 8 21 15 22
19 12 17 20 16 15 13 18 14 24 26 29 21 1 23 28 30 11 35 34 37 38 40 33 39 36 32 31 44 42 41 46 47 45 27 25 22 48 49 50 43 6 4 5 3 2 7 10 8 9
4 5 1 6 2 3
19 14 12 9 21 20 17 18 23 24 3 2 1 4 5 8 7 6 22 11 10 13 16 15
18 3 26 31 10 6 7 47 48 27 39 42 37 12 32 17 11 41 8 24 40 35 23 43 49 50 13 33 30 36 29 19 20 9 2 1 45 44 38 46 25 34 4 15 22 16 28 21 5 14
26 25 9 22 23 7 1 17 8 3 5 6 13 4 20 2 47 28 35 12 10 43 33 48 24 16 39 37 29 42 30 32 41 50 46 44 36 34 49 45 40 38 27 31 15 18 19 21 11 14
4 3 31 11 22 44 26 19 48 32 10 2 9 39 24 6 46 8 1 29 36 49 33 45 27 14 25 20 30 13 5 7 18 47 23 41 34 37 42 12 38 43 21 50 28 35 16 17 40 15
18 13 45 31 50 11 40 16 49 15 21 46 28 24 34 35 26 48 19 2 12 41 17 5 29 6 39 10 43 8 47 7 37 42 22 36 9 33 14 25 44 27 3 32 23 20 1 30 38 4
6 11 17 10 5 8 7 13 16 3 4 2 19 20 12 15 14 18 1 9
15 2 23 40 38 9 4 34 45 3 42 43 18 37 27 35 32 39 47 8 7 46 25 10 30 36 16 12 17 22 13 41 31 44 11 19 14 6 33 24 1 20 26 5 29 28 48 21
48 44 12 19 35 8 33 3 49 30 36 15 38 24 2 1 14 41 25 4 28 21 6 7 26 18 11 47 34 5 31 9 32 22 40 27 17 23 13 46 20 39 16 42 45 43 10 50 29 37
44 30 17 39 36 35 21 47 3 48 46 10 23 25 34 8 22 20 33 42 43 40 11 28 1 27 29 6 15 49 5 31 4 50 7 45 14 12 41 13 24 9 26 16 18 2 19 37 32 38
44 22 17 35 16 36 29 5 48 43 46 37 8 10 42 47 14 7 27 9 41 30 13 28 2 38 24 34 20 45 12 6 40 3 21 50 25 4 19 26 11 33 39 18 49 1 15 31 23 32
36 12 16 5 8 29 25 18 21 19 34 10 24 27 15 37 23 14 17 11 2 31 7 9 40 6 38 32 4 3 28 30 22 20 39 33 1 26 35 13
45 38 48 22 14 43 31 11 19 32 24 25 49 6 41 15 37 34 47 35 1 8 3 40 4 13 21 50 27 39 12 46 33 17 10 28 36 30 9 2 5 20 29 16 26 18 7 23 44 42
45 10 18 46 47 42 49 5 22 14 16 15 34 6 30 44 9 3 13 25 27 21 26 19 33 43 40 11 20 37 8 2 17 50 35 12 28 4 29 41 1 36 31 32 7 24 39 48 23 38
11 17 7 34 39 33 48 23 47 24 13 12 3 46 32 4 37 38 28 5 49 30 21 18 40 43 31 36 2 20 10 16 8 35 41 27 19 22 6 26 44 15 1 9 42 25 45 50 14 29
35 5 27 16 14 23 39 8 26 42 15 33 10 44 31 13 48 40 19 41 47 34 28 38 49 45 22 6 4 9 37 11 12 46 25 29 50 20 3 1 18 30 21 43 7 2 24 17 32 36
39 7 42 19 13 33 41 28 24 23 2 6 1 46 37 10 22 48 26 17 43 27 49 44 9 18 21 4 11 29 45 38 50 32 16 5 47 15 35 20 3 31 36 40 34 12 25 30 8 14
6 40 39 38 37 9 21 25 5 29 1 17 24 23 36 35 34 47 26 27 28 12 13 45 33 41 48 8 7 43 42 46 10 11 44 2 3 4 20 19 18 22 32 31 30 16 15 14
18 2 50 40 9 24 38 16 47 11 23 39 49 20 19 34 27 21 37 44 3 4 35 31 10 43 12 13 30 1 14 26 5 45 8 42 25 48 33 17 22 41 32 6 28 29 15 7 46 36
23 28 19 44 26 7 15 47 39 33 12 27 10 11 41 22 18 29 42 17 37 49 45 13 24 31 36 2 4 21 35 6 43 1 3 46 34 25 8 48 50 5 40 32 20 16 38 9 30 14
28 2 13 15 4 3 36 27 49 29 10 41 35 18 16 8 50 22 46 25 42 17 12 14 19 5 11 26 38 44 31 33 45 40 37 48 21 47 34 43 32 24 6 20 39 23 7 1 30 9
24 39 37 27 1 31 14 17 6 13 3 19 40 9 7 38 50 21 15 11 26 28 45 42 18 4 34 41 29 35 47 22 46 32 25 30 12 48 43 44 23 10 33 36 20 8 5 2 16 49
39 40 12 26 14 5 6 22 15 4 9 25 21 38 41 2 36 13 50 42 31 17 48 11 27 3 29 46 16 7 20 1 37 24 28 8 33 23 18 34 10 49 45 19 44 47 30 32 35 43
10 7 6 20 16 11 8 1 12 19 3 4 9 14 15 17 2 5 13 18
24 23 26 25 33 2 1 50 45 14 13 17 49 48 12 11 47 46 10 39 38 20 43 44 6 7 5 42 41 37 21 22 34 29 8 9 28 27 18 19 30 35 15 16 32 31 40 4 3 36
15 16 36 20 30 6 49 28 11 1 2 45 40 41 13 48 14 31 32 22 21 44 46 8 47 27 3 42 17 18 43 23 38 26 25 29 50 19 12 35 24 5 7 33 34 39 4 10 9 37
20 22 42 6 1 37 41 2 16 45 8 35 39 23 47 44 10 48 40 11 13 46 28 19 25 50 9 38 24 14 43 30 5 3 33 32 17 26 49 12 34 18 27 4 36 29 15 31 7 21
21 30 35 4 32 7 33 25 17 40 3 27 42 12 9 38 36 47 8 50 22 11 5 13 18 14 15 16 6 26 45 1 34 20 23 37 48 24 19 44 29 28 43 2 10 46 39 49 31 41
37 49 36 5 14 1 39 47 44 19 24 41 26 29 4 17 31 38 10 8 32 34 7 18 16 43 27 25 23 21 40 48 33 20 2 15 50 45 6 22 35 42 13 11 28 30 46 3 12 9
13 42 10 15 14 43 24 11 19 48 7 28 26 30 17 31 49 46 4 32 16 6 22 37 5 38 45 29 36 12 9 23 8 35 41 21 44 2 47 25 27 20 18 1 33 34 3 50 40 39
23 50 25 26 15 35 38 42 2 39 8 31 6 18 28 20 11 34 29 27 14 43 22 21 1 44 4 19 3 37 46 24 30 5 33 40 13 10 47 9 45 7 32 17 48 12 41 36 49 16
12 17 42 46 21 19 32 28 2 13 38 50 25 41 15 29 3 4 47 23 10 8 35 48 14 16 40 24 44 11 5 30 20 22 49 31 7 37 43 6 9 34 39 36 18 33 45 1 26 27
8 10 1 9 24 23 22 26 25 28 27 16 19 18 30 13 15 20 11 14 17 44 48 47 49 50 41 43 46 42 45 12 5 2 3 7 6 4 21 29 37 40 39 32 38 31 34 35 33 36
35 32 48 16 5 19 42 38 21 43 20 8 15 49 18 27 17 11 7 14 44 22 41 23 25 45 28 10 26 46 13 36 39 33 30 50 3 37 31 2 29 47 34 24 1 4 12 9 6 40
42 11 41 28 19 6 32 17 35 16 14 4 34 3 9 18 26 37 27 47 12 33 22 5 2 13 39 23 24 7 45 48 8 49 46 40 43 38 31 20 25 50 1 29 15 30 36 21 44 10
15 6 13 9 7 16 3 4 2 12 5 10 1 11 8 14
16 17 2 20 3 34 19 41 48 37 9 22 5 24 4 44 13 28 11 38 1 10 49 8 21 50 12 29 6 36 14 45 42 35 46 40 47 25 27 15 33 23 18 43 7 39 26 30 32 31
1 42 33 17 19 15 5 23 2 37 26 24 16 6 9 18 43 21 34 39 47 10 35 41 4 22 25 31 50 12 45 11 38 30 49 20 29 13 32 48 36 40 8 3 7 46 27 14 28 44
16 45 6 49 28 4 37 19 3 9 30 13 33 31 2 42 29 10 21 35 34 50 32 18 23 48 38 11 22 15 26 25 46 39 44 7 20 14 27 43 17 8 41 1 5 40 47 24 36 12
25 40 38 20 16 5 27 1 9 23 29 39 15 13 28 32 30 6 7 18 22 33 2 8 10 31 26 35 14 12 37 24 34 3 19 4 36 21 11 17
20 40 31 41 10 50 13 27 33 28 4 8 38 12 29 43 36 3 26 37 35 5 9 46 45 19 47 21 34 15 24 48 18 39 7 14 32 42 23 49 11 2 30 25 44 16 1 22 17 6
1 24 49 37 11 14 4 26 36 3 9 30 44 6 47 31 12 25 32 35 5 21 43 41 2 50 17 10 48 18 28 16 22 34 45 15 19 27 20 29 42 33 23 39 40 46 7 38 13 8
47 4 48 3 49 14 13 38 31 19 32 20 21 33 46 37 8 7 44 42 9 43 24 27 28 29 30 22 23 41 36 15 16 35 17 18 34 39 5 6 45 40 12 11 10 1 2 50 25 26
13 27 35 19 45 28 23 5 14 34 30 38 22 7 47 41 25 12 11 2 10 9 39 4 8 43 15 21 16 20 3 42 46 40 48 36 29 33 24 17 32 44 50 49 18 26 6 1 31 37
7 16 31 37 26 10 20 46 35 13 11 40 9 1 28 17 2 36 19 33 41 15 47 44 42 6 4 50 39 8 49 23 34 24 14 30 45 12 22 38 32 48 18 25 27 5 29 43 21 3
11 10 5 8 4 6 2 9 7 1 12 3
12 11 8 3 31 43 16 37 20 13 38 30 48 35 10 34 40 44 41 50 33 9 39 22 24 1 19 26 17 15 7 27 4 21 23 5 42 18 2 6 46 14 25 28 36 29 32 47 45 49
18 15 13 32 49 4 2 24 29 21 38 11 17 44 47 10 6 43 8 16 41 46 39 22 14 48 45 5 40 26 7 31 50 37 1 19 35 9 42 30 12 33 23 28 20 27 3 25 34 36
29 50 17 14 22 7 28 38 26 46 3 20 4 19 30 16 41 11 49 34 39 8 10 31 5 48 15 18 47 44 27 35 1 2 37 21 45 42 32 24 13 43 12 33 6 25 36 23 40 9
22 14 1 10 6 24 2 23 3 4 12 5 18 13 9 21 19 20 17 7 16 8 11 15
12 39 27 30 11 34 36 44 13 2 48 17 38 16 19 9 28 25 15 10 47 23 33 21 8 24 5 26 18 43 32 22 1 46 3 7 35 29 41 6 31 14 20 37 45 42 40 4
34 41 30 27 47 46 45 48 43 2 1 6 3 36 33 18 15 24 19 25 7 23 26 10 16 31 44 21 22 13 37 42 39 40 12 9 8 5 4 35 38 20 17 11 14 32 29 28
44 42 10 33 8 7 46 39 30 31 3 27 15 43 16 50 36 11 2 38 5 9 4 40 29 22 18 47 41 26 28 37 48 6 14 1 12 23 20 34 32 21 13 19 17 24 25 49 45 35
17 5 16 18 31 10 37 9 45 4 2 11 28 39 22 12 48 47 35 33 21 44 40 13 8 26 29 19 49 41 1 3 27 7 6 14 36 38 25 24 15 42 30 50 20 23 34 43 32 46
34 35 36 37 6 5 4 3 10 9 8 43 42 41 40 7 1 2 27 26 33 44 45 46 47 48 49 50 25 24 11 12 13 14 15 16 17 39 38 20 19 18 29 28 30 31 32 21 22 23
13 10 12 18 23 16 22 24 14 3 1 19 21 5 20 25 7 11 8 26 4 15 9 6 17 2
37 43 22 5 21 47 31 17 8 30 45 19 16 44 28 3 23 14 26 40 7 1 4 33 29 34 20 10 38 32 48 15 25 2 39 36 9 13 35 50 27 18 24 12 41 49 11 6 46 42
35 31 39 13 16 20 42 46 4 1 3 29 21 30 22 23 48 47 18 14 49 27 26 24 25 28 19 12 8 44 41 10 2 6 32 33 17 11 15 36 40 9 7 50 45 43 5 37 34 38
18 22 34 44 4 25 9 8 50 36 47 2 27 37 40 10 1 28 7 11 19 31 6 20 39 30 5 14 32 17 48 21 38 29 26 15 12 24 35 43 33 45 16 3 49 42 23 46 13 41
21 39 37 5 47 19 12 26 29 6 22 28 14 13 40 9 50 8 15 30 7 34 16 46 3 10 35 38 42 44 2 32 20 31 11 27 23 4 18 41 48 17 36 45 1 25 43 24 49 33
49 7 25 24 43 5 11 1 31 19 12 30 47 44 41 4 36 50 2 45 14 38 21 35 6 46 16 13 20 15 33 39 18 26 34 42 8 29 32 9 28 22 3 40 27 48 37 10 23 17
25 50 27 7 13 31 14 38 34 43 49 21 24 6 15 8 17 23 20 35 5 1 32 37 44 16 42 2 47 29 19 40 39 12 3 30 36 11 22 28 46 45 41 48 33 10 4 9 26 18
25 6 17 36 10 30 43 15 34 14 48 8 5 41 33 26 50 11 27 39 9 24 4 38 23 45 22 40 21 47 20 42 29 13 7 28 32 35 31 46 3 44 1 49 12 19 2 16 37 18
4 38 12 40 35 29 26 19 17 37 44 28 50 11 34 46 1 33 30 6 23 47 21 45 41 25 14 8 20 42 10 39 24 48 7 27 5 16 49 36 9 32 2 22 13 3 18 31 15 43
19 43 22 23 45 34 11 42 25 32 49 4 21 17 27 48 16 29 20 6 33 2 26 5 37 10 39 35 24 41 50 8 46 44 13 3 12 47 9 31 14 36 30 1 7 40 38 18 15 28
1 5 3 6 4 2
25 10 21 7 6 16 29 28 15 8 3 18 20 27 19 4 26 13 23 5 30 24 1 12 17 22 14 11 9 2
32 9 17 49 7 10 41 45 43 46 24 3 23 34 12 8 18 11 2 40 50 13 21 48 15 25 14 22 16 39 31 35 37 42 44 38 28 1 20 27 4 47 6 33 19 36 29 26 30 5
13 33 42 5 43 6 1 32 11 10 9 3 44 20 23 24 18 25 40 39 36 38 31 28 26 45 49 48 12 37 2 21 30 46 17 22 14 15 8 7 50 35 47 34 27 41 4 19 16 29
20 13 23 16 24 5 22 4 17 26 10 27 2 31 3 32 7 19 14 25 6 18 1 30 15 29 12 28 11 21 8 34 9 33
2 4 8 6 9 11 1 12 7 10 5 3
11 6 5 1 4 39 40 17 18 15 16 10 41 44 38 37 43 42 48 47 35 34 31 32 26 46 45 3 25 23 22 19 20 14 13 27 12 24 21 9 7 8 2 29 30 36 33 28
47 49 48 46 45 43 44 42 41 40 38 39 37 36 35 34 33 32 31 30 29 28 27 26 24 23 22 25 21 20 19 18 17 16 15 14 13 12 11 10 9 8 7 6 5 4 3 2 1 50
46 5 37 10 30 12 41 38 11 1 24 4 50 33 42 36 40 44 47 8 9 20 34 28 2 16 14 31 13 23 6 15 27 48 7 19 32 17 39 29 45 26 35 18 49 3 43 25 21 22
19 17 14 1 20 13 8 5 12 6 7 15 10 18 11 2 9 4 3 16
27 50 45 6 5 29 49 22 2 30 34 17 25 10 8 32 38 4 12 24 37 3 21 47 18 48 39 41 26 23 28 20 7 15 43 1 16 31 42 33 9 46 44 14 13 36 35 11 19 40
11 18 40 23 8 2 17 5 44 16 10 48 33 43 1 9 13 12 34 30 46 35 49 50 14 42 37 6 36 39 38 19 3 45 47 28 29 4 25 24 22 32 31 41 21 7 26 15 27 20
32 6 3 29 42 12 44 10 14 5 46 34 28 37 15 22 8 31 23 25 9 30 50 40 4 11 20 7 13 35 41 33 21 2 26 24 17 49 27 19 47 36 39 1 45 16 43 48 18 38
12 18 8 42 19 14 13 20 35 29 1 17 15 2 46 27 34 36 16 48 40 32 4 45 5 43 10 38 50 41 49 6 11 39 7 25 21 23 31 26 44 9 22 28 33 47 24 30 3 37
13 12 27 28 9 10 7 37 22 20 42 29 36 25 43 46 16 33 26 41 17 34 40 5 45 8 23 18 14 31 2 39 1 19 44 6 32 3 4 15 11 35 24 38 30 21
25 31 32 41 22 15 37 8 23 19 4 11 6 26 20 42 29 7 34 21 33 9 10 38 14 16 13 39 3 1 36 2 40 18 28 17 24 12 35 27 30 5
21 31 42 26 25 7 8 23 14 13 18 17 6 33 36 16 19 46 44 9 24 49 28 45 48 35 34 47 50 1 39 40 12 5 29 30 15 37 2 10 11 32 20 22 43 27 38 41 3 4
1 16 4 35 18 12 19 23 9 29 50 42 44 11 25 37 5 45 31 43 14 36 6 7 34 26 17 2 41 8 20 46 49 10 30 28 48 27 40 22 33 38 21 39 47 24 13 32 3 15
18 37 36 8 9 49 15 2 1 7 6 38 27 14 30 35 46 3 4 5 33 32 31 42 41 40 39 34 47 48 10 11 12 13 50 23 26 25 24 20 21 22 43 19 29 28 17 16 44 45
4 3 2 1 38 25 44 15 41 8 50 12 17 33 20 11 24 39 46 23 18 27 35 31 49 9 43 26 16 37 22 34 36 32 40 14 48 21 47 28 30 10 45 19 29 13 42 5 6 7
36 38 24 2 42 20 40 34 25 23 35 31 17 47 19 5 8 6 27 41 48 3 4 44 26 49 15 7 16 12 37 43 18 50 30 9 14 29 39 28 1 33 46 13 45 21 22 11 32 10
13 11 6 5 4 44 48 1 30 49 12 45 2 46 18 33 31 15 10 3 8 35 39 29 19 40 25 16 24 22 47 41 27 7 42 14 43 17 26 32 34 9 38 37 36 28 50 23 21 20
3 2 1 5 4 6
25 49 28 34 45 32 23 31 14 48 10 30 24 17 38 6 40 27 29 44 50 37 13 42 36 47 5 18 12 9 16 3 43 39 8 20 2 1 35 46 7 19 26 22 33 4 41 15 11 21
16 1 45 38 34 8 2 40 7 50 46 42 28 5 22 19 35 37 47 3 25 26 12 31 39 32 48 21 43 11 44 17 41 15 4 33 24 6 13 29 36 27 14 18 20 10 23 30 49 9
47 14 31 12 49 43 18 26 41 27 9 36 33 13 3 44 8 46 35 10 11 4 48 42 24 29 17 32 2 25 20 21 7 1 40 30 38 34 28 6 37 16 19 5 50 22 39 45 15 23
23 45 9 31 35 12 19 16 29 28 15 22 20 30 36 34 8 18 47 11 21 17 13 7 5 27 42 6 50 1 14 49 40 4 25 37 33 48 24 46 39 41 2 38 32 10 3 44 26 43
5 39 12 28 24 47 45 37 29 8 1 26 27 23 49 48 11 14 20 2 46 3 31 17 32 44 34 19 4 36 15 18 9 6 33 50 25 42 43 35 38 16 30 13 41 10 7 22 40 21
11 7 6 5 12 10 4 2 1 8 3 9
33 31 32 20 16 36 4 15 19 11 6 35 30 25 1 8 49 22 37 18 39 12 46 13 14 44 24 48 26 9 43 5 7 41 10 38 2 40 50 34 17 3 47 45 23 27 42 21 29 28
50 2 35 48 23 7 14 31 4 34 33 19 10 5 9 45 12 22 11 3 39 29 15 21 41 30 40 36 24 25 20 49 6 26 46 17 1 27 47 32 18 28 13 44 43 42 38 8 37 16
39 34 48 23 17 6 50 46 11 22 49 42 12 9 1 47 28 19 21 43 38 8 14 18 44 36 5 2 10 26 33 41 3 7 29 32 30 13 20 16 27 40 35 24 4 45 37 31 25 15
10 31 22 28 19 45 49 29 17 47 37 24 16 11 39 41 18 35 15 23 25 34 14 26 46 3 7 6 8 50 2 12 36 1 48 44 30 13 21 38 20 4 33 9 5 32 27 40 43 42
36 11 26 46 19 10 49 21 17 6 3 37 34 29 16 35 25 47 7 12 44 38 15 4 27 23 20 24 30 42 40 22 45 9 33 39 31 2 43 48 5 18 41 32 13 28 1 50 14 8
19 21 2 13 30 8 10 23 15 14 26 7 40 39 42 47 41 35 3 46 44 49 24 45 1 48 11 34 37 32 29 18 17 50 43 33 20 25 16 22 6 4 5 28 36 38 27 31 12 9
6 38 17 9 14 39 22 3 50 29 28 45 31 8 32 44 1 41 37 35 5 27 34 43 40 13 12 42 47 19 21 15 16 10 25 33 46 49 4 18 36 2 7 23 26 11 30 20 24 48
29 11 27 25 8 33 50 38 3 16 19 39 1 20 4 43 17 12 13 31 22 34 45 9 32 18 21 41 36 6 5 35 23 47 7 48 28 24 14 26 10 44 15 2 46 42 30 49 40 37
13 1 14 7 6 10 5 3 8 12 2 4 11 9
9 16 8 17 6 18 2 12 15 20 11 13 1 3 4 7 19 14 5 10
11 6 14 16 2 15 13 8 5 1 3 9 10 4 12 7
34 36 21 27 40 39 38 22 23 25 18 31 10 12 8 29 33 16 4 26 5 24 30 2 11 28 20 19 6 7 9 17 15 14 37 32 3 13 35 1
48 25 3 45 37 40 20 4 7 29 17 15 34 26 33 24 9 38 31 18 8 28 16 49 36 12 35 14 46 13 21 6 22 27 30 42 11 39 19 43 2 50 44 47 32 23 41 1 5 10
48 6 45 49 16 19 4 27 9 28 39 30 22 3 23 10 32 37 42 36 43 8 24 7 11 44 40 13 31 12 41 5 14 1 38 17 26 33 50 21 46 29 15 25 2 34 35 47 20 18
34 33 6 7 30 43 14 35 22 38 27 26 25 21 20 19 39 40 41 42 46 47 48 13 12 11 10 9 8 18 17 16 15 5 4 3 2 1 31 32 29 28 44 45 36 37 23 24
19 20 21 8 7 6 5 4 50 49 12 11 16 17 18 41 42 15 14 13 10 9 45 46 47 48 44 43 33 32 31 30 34 35 1 2 3 22 23 24 25 29 28 27 26 40 39 38 37 36
35 8 40 47 43 46 48 5 2 3 44 45 24 23 25 19 18 14 13 11 12 7 37 6 30 50 32 31 49 36 28 27 4 9 10 15 17 16 21 39 38 34 33 1 29 41 42 20 26 22
25 24 18 22 8 2 46 38 13 42 40 36 7 45 5 48 23 49 11 1 35 43 3 29 19 27 6 33 4 50 21 39 41 20 10 44 31 32 37 30 16 15 47 14 17 9 26 34 12 28
37 13 46 40 30 23 27 20 32 16 44 21 3 22 15 41 28 12 8 29 36 14 9 24 1 33 45 48 34 11 31 10 18 7 17 47 4 2 19 42 25 39 38 43 5 6 26 35
7 35 29 39 33 40 41 15 45 11 42 24 44 17 19 1 25 8 36 37 43 13 20 22 34 9 10 38 12 16 32 49 4 47 23 30 3 18 50 48 27 6 21 46 26 31 2 5 28 14
34 25 30 20 27 49 18 21 9 40 24 23 38 35 28 1 32 11 2 44 8 31 4 3 7 19 48 29 26 33 14 36 47 43 39 15 46 50 45 41 42 17 37 6 16 12 10 13 5 22
19 42 25 2 16 15 30 48 10 34 4 17 5 27 33 50 24 1 29 46 37 44 43 47 7 32 26 13 21 3 18 35 41 28 40 11 49 20 23 45 31 36 38 6 14 39 12 9 22 8
8 14 29 7 18 24 47 38 25 22 34 40 1 41 48 19 23 16 12 50 21 43 39 49 26 6 11 27 9 30 33 10 2 4 28 5 31 46 3 45 36 42 32 20 17 37 13 44 15 35
28 36 1 21 20 12 14 35 46 42 29 24 19 40 27 48 9 49 43 32 30 38 37 45 15 31 44 4 18 22 26 50 23 11 41 8 47 13 16 33 17 34 5 25 39 10 6 2 7 3
2 1 4 6 3 5
32 10 7 42 46 30 33 26 14 45 20 27 38 41 47 15 44 11 1 13 24 4 16 31 17 6 39 23 2 36 22 34 9 29 40 50 48 5 8 21 43 12 37 28 18 19 35 49 25 3
9 1 5 3 4 8 6 11 12 10 2 7
14 24 21 17 18 22 23 3 2 9 6 7 8 1 11 10 5 4 12 16 15 13 19 20
23 6 20 43 46 34 26 7 47 18 5 40 38 24 27 2 10 13 49 14 15 36 12 8 29 33 31 45 1 32 17 42 50 21 39 25 4 48 3 28 41 9 22 16 37 19 30 11 44 35
13 21 1 3 27 23 32 40 26 30 41 20 38 2 22 31 28 35 43 15 19 10 4 7 34 9 48 24 8 25 49 17 46 16 5 47 33 45 14 37 29 50 12 42 39 44 18 11 6 36
2 39 12 7 38 22 33 1 23 4 21 47 20 6 27 34 10 44 17 3 43 30 14 28 48 9 29 37 45 41 24 11 8 50 49 13 25 35 5 18 15 16 46 32 36 26 40 31 42 19
31 11 33 24 13 46 12 3 39 43 50 35 1 41 44 40 4 34 16 6 32 47 48 29 19 37 5 22 45 25 49 30 15 9 23 7 10 38 42 20 17 26 28 8 18 14 21 27 2 36
10 37 36 40 39 38 22 35 46 27 43 30 14 19 11 6 5 1 2 3 4 31 32 28 29 21 17 18 42 41 45 44 48 47 23 24 20 15 16 12 13 9 8 7 26 25 33 34
31 17 22 21 9 46 18 12 1 43 16 47 2 28 6 14 33 3 50 49 20 36 45 27 5 42 44 11 38 13 41 4 39 29 24 23 34 48 7 15 35 25 40 30 26 8 37 32 19 10
23 45 37 11 36 14 50 4 43 7 27 38 28 5 30 47 3 13 10 49 25 26 12 6 35 31 18 20 29 33 22 42 24 8 41 1 15 44 16 40 19 34 46 21 9 39 2 32 48 17
7 3 6 4 1 5 8 2
42 50 12 39 46 16 19 11 38 35 4 18 5 26 31 32 20 23 1 7 44 3 40 37 30 14 41 48 6 36 13 15 2 24 25 27 43 9 49 28 17 47 10 33 34 21 8 29 45 22
9 12 5 14 6 13 3 7 8 2 1 11 10 4
5 33 34 13 39 46 49 3 1 48 31 19 42 21 11 50 20 17 29 24 10 32 28 47 6 40 22 16 15 30 45 23 25 43 14 26 27 12 7 44 35 2 8 41 37 18 9 4 36 38
8 7 6 5 4 3 2 1
11 12 16 13 9 8 22 23 24 45 48 4 10 7 3 40 36 20 21 14 15 18 29 28 25 32 31 34 30 27 26 6 5 1 2 19 17 35 47 44 43 33 37 38 39 42 41 46
9 28 1 16 25 7 18 38 34 45 46 40 15 10 26 21 17 42 13 47 39 36 32 19 48 11 33 20 12 29 50 22 4 27 2 49 30 23 43 31 44 35 8 3 5 37 24 41 6 14
20 10 17 18 25 7 8 13 24 16 11 2 5 22 19 1 14 12 21 23 3 4 9 15 26 6
6 13 8 15 5 16 10 3 12 4 9 1 7 11 2 14
36 40 39 2 1 5 21 20 24 23 34 33 37 17 18 47 48 44 45 41 4 8 7 31 32 28 3 15 16 12 13 14 46 27 22 35 30 38 19 6 43 11 10 9 42 26 29 25
39 10 47 22 41 44 9 27 32 24 15 26 1 13 12 17 20 36 28 38 23 3 33 42 11 25 35 46 37 31 8 34 19 48 6 29 5 7 2 43 21 4 18 14 30 40 45 16
3 16 35 46 48 24 19 44 26 41 5 4 40 42 25 21 29 17 14 36 30 13 12 39 31 6 10 9 49 47 7 18 34 45 1 2 43 38 11 22 37 33 27 8 50 28 32 20 15 23
46 3 22 16 11 37 33 29 19 17 42 47 8 41 20 38 26 27 49 9 4 34 36 35 43 12 48 7 39 21 1 31 30 23 45 40 50 24 44 32 10 28 6 5 2 13 15 25 18 14
33 15 16 14 23 24 25 26 10 9 11 39 34 36 21 13 28 45 19 22 20 29 27 30 32 31 18 17 2 5 12 37 44 1 49 50 8 7 42 41 43 46 48 3 6 4 35 38 40 47
10 34 11 42 21 23 48 6 7 44 9 29 46 17 15 31 2 27 4 36 13 32 19 45 50 1 43 24 49 25 18 35 30 5 33 38 39 12 20 47 14 37 16 3 28 22 26 8 40 41
35 44 7 36 10 1 11 27 34 37 18 42 29 20 15 13 33 4 50 39 32 8 46 17 26 49 30 19 28 25 14 3 45 41 12 38 2 48 16 9 31 43 40 47 23 21 24 5 22 6
18 48 35 5 39 24 12 49 6 15 46 8 43 23 17 50 27 19 37 32 9 33 16 41 14 25 4 34 45 13 42 40 7 36 11 22 44 38 10 47 28 20 29 2 31 3 21 30 26 1
4 2 10 1 3 6 9 5 7 8
42 19 48 49 15 16 23 7 44 11 50 20 43 38 1 25 40 3 34 46 5 30 18 31 27 2 37 28 6 21 17 10 41 22 33 24 36 29 13 8 45 32 47 35 4 9 26 14 39 12
12 10 9 11 15 17 16 18 23 22 24 1 6 5 4 3 2 7 8 13 14 19 20 21
50 1 38 23 24 9 34 28 3 33 26 19 21 14 45 27 30 7 46 13 37 40 20 29 4 41 31 48 49 6 22 43 47 32 17 16 25 8 12 39 36 42 44 35 15 18 2 5 10 11
43 48 15 39 1 27 44 7 14 11 19 28 40 25 8 5 35 21 29 2 23 4 47 37 41 3 26 33 46 18 42 24 22 30 9 10 16 17 32 12 6 34 31 38 13 45 20 36
7 8 12 21 14 20 3 10 11 4 13 1 9 19 5 17 22 16 15 18 6 2
41 25 18 31 8 5 15 44 34 49 45 35 39 43 13 14 48 12 23 50 2 29 38 27 6 33 19 9 30 1 16 37 11 40 4 42 26 24 28 21 46 10 3 20 7 22 47 17 36 32
25 24 29 28 26 27 18 10 9 8 1 21 22 19 4 13 20 12 11 16 23 30 5 6 7 14 15 17 2 3
16 26 21 27 18 8 41 43 24 33 1 36 12 45 19 44 20 3 34 46 35 25 42 2 17 11 38 15 31 7 4 49 28 5 39 22 6 29 30 32 23 47 40 14 48 13 50 9 10 37
50 25 17 19 32 29 22 20 24 26 21 27 30 18 28 31 23 10 3 13 6 16 43 41 40 33 37 42 47 39 46 36 35 48 38 45 44 34 49 5 11 9 14 1 2 8 12 4 7 15
3 27 34 14 41 25 30 7 45 8 18 50 32 43 12 16 47 33 38 4 28 29 42 24 35 23 22 21 44 36 37 15 6 46 40 9 13 20 10 17 26 1 19 11 5 39 2 31 49 48
38 20 11 40 44 22 33 10 18 48 21 1 6 28 23 25 16 47 27 17 26 3 46 32 29 13 49 39 42 37 41 9 19 43 30 24 45 50 15 36 4 7 31 14 2 35 34 8 12 5
6 38 25 29 10 5 17 18 11 32 4 33 35 34 30 23 26 27 28 19 12 13 40 14 7 8 9 36 22 21 31 20 15 16 37 3 2 39 24 1
41 5 24 50 37 21 45 43 36 35 42 32 29 2 11 33 12 8 14 46 40 22 20 39 34 23 7 13 31 1 44 4 49 38 10 9 47 17 25 30 48 18 6 27 28 15 26 19 3 16
10 17 11 49 48 37 1 8 25 6 46 2 16 14 12 38 27 44 47 4 3 30 22 18 15 20 34 23 36 42 29 41 28 9 45 26 35 7 19 31 5 33 24 39 40 43 21 32 50 13
39 11 1 2 46 47 19 4 20 21 23 18 32 3 41 50 28 29 17 35 36 38 27 15 37 48 40 43 5 42 16 22 45 24 30 6 49 31 44 10 13 9 8 26 34 25 7 33 14 12
2 9 13 12 11 10 7 8 4 3 18 17 16 15 14 6 19 20 21 22 23 24 1 5
37 1 48 2 40 14 50 47 20 38 16 26 3 23 42 49 33 21 44 45 22 10 11 31 13 12 18 35 25 24 28 34 27 19 15 41 36 32 43 17 29 30 46 6 9 39 8 5 4 7
31 29 20 4 35 12 1 43 34 7 32 19 46 33 8 41 42 45 15 26 37 10 38 40 24 6 23 17 5 2 21 49 13 50 3 16 9 44 25 39 27 30 48 18 36 14 47 22 28 11
4 2 8 9 7 5 10 6 1 3
44 35 50 17 23 40 12 15 42 43 7 20 30 38 2 1 37 27 5 14 31 39 10 3 24 34 48 47 6 22 32 46 11 21 36 28 4 19 26 8 9 33 41 25 13 29 45 49 16 18
31 18 32 28 4 3 2 1 44 48 47 29 34 33 37 36 40 25 26 12 5 46 27 43 19 30 35 22 6 14 15 23 8 7 45 41 42 16 10 11 38 39 9 13 24 20 21 17
46 27 26 25 24 18 13 45 22 23 48 47 30 32 33 3 43 44 12 11 34 37 10 9 8 40 38 14 15 29 28 2 1 19 20 17 16 21 42 41 6 35 36 4 5 31 7 39
6 2 3 8 5 4 7 1
8 5 36 33 27 26 35 34 6 4 50 40 19 14 17 25 48 42 3 37 28 24 41 32 30 49 47 29 1 44 15 7 22 10 11 16 43 9 23 45 39 18 46 20 13 21 38 2 12 31
3 1 45 18 34 33 39 40 12 11 35 36 37 38 32 31 29 22 14 20 21 6 4 5 7 26 25 44 43 42 41 15 13 46 47 48 2 16 17 19 24 23 30 10 9 8 27 28
23 40 31 25 6 47 20 33 49 16 21 28 41 19 38 24 18 50 9 10 26 7 36 8 46 35 48 39 13 4 1 3 11 22 14 29 27 44 37 34 12 32 43 15 5 42 17 45 30 2
5 2 3 4 1 6
3 28 31 37 8 43 18 24 44 38 35 40 30 1 19 22 26 9 12 4 5 7 21 23 27 11 6 45 14 39 25 17 33 36 29 20 15 2 16 10 34 46 13 42 32 41
34 33 32 31 30 22 11 12 13 14 15 16 17 48 47 39 5 4 3 38 46 35 36 37 8 7 6 10 9 1 2 28 29 21 20 41 40 25 26 27 19 18 42 43 44 45 24 23
6 16 48 38 22 4 23 32 24 45 35 20 7 44 49 15 33 9 50 12 42 8 36 5 28 3 29 37 2 26 25 47 41 10 1 31 14 11 46 27 21 34 40 18 30 17 13 19 39 43
23 37 45 33 11 6 8 5 30 18 40 43 13 44 49 27 17 9 29 42 20 7 48 46 22 36 26 34 14 15 12 10 4 28 38 41 25 1 47 35 32 31 3 19 2 16 50 39 21 24
18 1 36 32 45 26 7 20 43 3 4 19 14 44 41 15 34 2 24 49 28 31 13 29 6 30 40 35 27 17 9 16 47 38 22 8 33 12 46 48 50 25 39 42 11 37 5 21 23 10
3 2 4 1
9 22 20 26 11 15 21 2 8 19 5 16 10 4 1 7 17 24 25 23 18 3 12 6 13 14
48 39 32 19 10 14 44 38 50 45 40 26 15 37 8 28 36 17 29 46 3 11 33 9 42 12 6 2 18 21 27 30 47 23 31 35 22 34 13 4 7 41 16 5 43 20 1 25 49 24
31 39 43 9 5 45 8 47 14 1 22 37 35 24 15 30 20 21 12 10 19 38 16 27 3 33 11 48 50 13 7 34 6 40 44 49 4 32 42 29 46 41 17 36 18 2 23 25 26 28
20 32 44 8 1 37 46 11 34 7 10 39 3 24 38 45 19 31 29 5 43 22 50 14 35 26 9 4 27 41 12 25 49 16 21 40 47 2 17 30 23 15 36 48 33 18 6 13 42 28
26 43 7 41 48 33 39 16 32 31 50 27 47 36 13 22 21 37 20 12 11 19 15 46 25 29 30 18 35 14 17 45 9 24 42 6 10 1 23 5 49 40 34 2 28 3 38 8 44 4
15 30 8 22 9 37 43 17 41 3 42 44 29 27 48 39 31 14 25 34 5 16 11 13 6 23 12 20 1 35 19 38 4 33 36 28 24 49 40 32 46 47 45 21 10 2 18 7 26 50
19 12 10 48 31 11 3 34 44 14 2 50 37 6 16 43 9 23 4 38 39 7 27 15 32 29 30 18 25 35 42 36 1 46 33 13 8 40 17 41 26 24 47 22 28 20 21 45 49 5
40 39 23 24 25 3 4 8 48 47 16 15 26 30 6 27 22 14 19 46 11 12 13 9 18 17 21 20 36 35 34 7 29 5 1 2 28 32 31 10 42 41 45 44 43 38 37 33
21 22 18 20 12 14 13 17 19 11 8 16 3 4 1 7 24 26 9 6 15 2 25 5 10 23
47 48 43 46 45 41 44 40 39 36 30 32 35 34 37 38 42 33 31 28 26 27 24 21 23 20 10 13 9 5 1 2 8 7 4 3 6 12 11 15 16 19 14 17 18 22 25 29
15 12 4 11 10 14 17 16 2 13 3 9 18 8 1 5 6 7
3 8 30 45 32 24 12 7 29 17 47 13 10 14 31 20 1 48 2 19 28 41 16 23 46 27 4 37 18 44 43 25 35 9 49 22 21 50 39 36 6 15 42 26 5 11 40 33 34 38
29 27 33 17 23 41 15 25 45 22 42 13 37 11 32 31 44 34 40 19 30 7 9 8 2 16 14 4 6 1 43 36 49 24 48 46 50 5 47 39 28 12 26 18 38 20 21 10 3 35
6 5 42 41 11 10 40 39 34 14 44 43 32 16 15 33 25 23 24 48 1 47 31 7 45 3 2 46 4 37 38 17 18 30 26 22 21 27 28 20 19 29 9 8 35 36 12 13
14 41 7 10 39 37 19 40 11 29 46 36 28 16 35 3 47 27 38 50 43 33 45 9 25 44 13 32 23 42 20 22 48 30 2 4 5 34 8 26 21 12 18 17 6 15 31 1 49 24
6 18 9 28 25 7 43 45 21 2 31 49 16 26 4 8 22 15 36 46 41 5 19 27 10 23 3 29 11 47 44 38 34 20 12 24 1 33 35 42 32 48 13 17 39 50 14 37 40 30
4 2 6 1 5 3
34 9 37 33 27 8 38 11 3 1 43 5 31 49 4 28 40 30 21 15 32 13 6 29 50 10 42 12 44 19 41 18 48 2 7 45 39 47 17 46 26 25 22 36 20 35 24 16 14 23
6 3 7 5 1 2 8 4
50 42 47 6 5 46 14 13 3 4 40 41 33 34 35 22 23 24 25 17 16 15 10 11 12 28 27 7 8 9 20 21 26 38 37 36 32 31 19 48 49 29 30 39 43 44 45 18 2 1
33 34 7 31 14 25 24 23 30 19 16 32 2 27 29 20 11 6 35 26 13 17 4 9 36 28 15 8 21 5 10 22 12 3 18 1
13 9 28 2 12 11 25 24 30 35 5 46 18 6 47 20 42 22 21 39 43 16 26 38 4 14 23 19 8 45 7 33 37 3 29 15 32 27 31 17 40 36 44 41 48 10 34 1
1 17 12 25 26 15 9 48 37 8 45 44 43 50 39 32 38 10 31 27 21 16 24 36 29 46 49 7 40 30 5 6 13 33 23 47 35 34 4 41 18 20 11 42 22 14 28 2 19 3
3 2 1 14 13 12 8 7 10 9 11 16 15 5 6 4 18 17
40 15 17 39 30 36 7 1 6 43 16 42 49 20 41 38 12 29 28 27 48 10 21 9 46 18 5 11 45 23 2 32 26 50 44 14 34 35 24 33 13 22 3 8 37 19 31 47 4 25
4 23 38 32 7 8 2 16 1 26 17 28 25 30 24 34 6 42 20 39 29 13 11 49 50 44 22 48 9 45 43 40 18 3 47 35 46 14 41 36 33 10 31 12 27 19 37 5 21 15
31 34 40 21 42 4 22 27 41 9 39 19 7 50 10 45 38 16 12 33 37 3 8 28 1 32 26 17 20 29 6 44 14 43 30 5 46 23 49 2 13 48 25 11 35 24 15 18 36 47
46 37 32 8 25 30 12 3 15 44 10 19 4 33 1 45 23 24 36 39 18 20 28 35 42 14 26 22 27 7 40 29 43 34 31 11 21 5 9 17 13 2 38 6 41 16
22 21 19 39 3 16 2 23 33 7 13 43 37 29 31 15 42 14 44 24 30 46 18 12 41 38 17 10 8 28 27 34 32 6 20 26 1 5 35 4 36 9 25 40 11 45
44 14 18 5 4 35 45 13 21 28 33 24 15 27 34 32 46 40 43 8 12 20 3 2 1 47 37 19 31 41 50 17 29 22 11 23 10 9 7 26 6 49 38 16 30 39 42 48 25 36
10 18 41 24 11 39 48 34 4 15 7 1 50 3 33 29 35 30 12 46 31 27 37 45 25 28 9 21 44 36 5 2 20 16 47 19 6 23 8 32 17 38 22 40 13 43 14 26 49 42
12 10 5 4 1 2 25 23 18 22 21 20 14 13 17 16 3 8 11 19 9 26 24 7 6 15
11 18 25 30 24 22 17 28 20 29 8 27 14 3 19 13 26 16 1 10 23 7 12 9 6 4 2 5 21 15
26 27 34 35 36 25 21 20 30 19 8 9 7 15 4 6 5 13 24 14 17 18 16 43 44 23 22 32 33 31 42 40 41 11 10 12 1 2 3 37 38 39 29 28
23 22 49 39 31 18 46 26 3 44 29 14 25 17 16 19 47 33 38 30 1 35 12 32 36 34 6 21 41 24 48 11 40 43 7 13 45 27 10 37 20 8 4 15 50 42 9 2 5 28
36 7 43 47 12 23 28 46 4 9 5 14 48 11 17 37 24 33 31 21 25 8 29 44 16 40 2 18 19 1 39 15 30 50 34 22 6 49 45 32 35 26 42 13 10 38 20 41 27 3
9 45 50 16 24 42 30 2 4 41 39 38 26 31 13 21 35 3 15 1 14 20 7 25 6 22 29 36 44 8 17 33 28 23 46 37 10 18 34 12 5 11 43 47 48 40 49 32 19 27
14 45 15 18 49 38 2 26 29 9 16 37 34 24 8 12 32 10 13 17 46 20 6 23 42 41 33 7 35 50 28 4 48 31 27 3 43 19 40 25 1 5 47 21 36 22 39 11 30 44
15 16 40 30 1 10 9 47 48 26 25 31 32 8 7 11 21 50 19 20 44 36 37 28 41 4 22 24 33 18 17 27 42 6 39 2 49 34 35 14 45 46 13 12 3 38 43 23 5 29
22 8 24 7 49 48 42 9 25 1 44 37 23 41 3 16 47 18 38 19 39 11 50 31 29 26 46 14 20 34 32 45 36 15 2 43 4 10 21 6 12 28 5 27 30 13 33 35 17 40
45 48 19 43 3 20 36 32 29 8 38 14 46 39 6 22 12 47 11 27 9 40 33 15 23 7 1 16 34 18 35 13 24 30 44 4 31 25 26 10 41 28 17 2 5 21 37 42
4 28 44 11 12 36 35 34 38 22 23 24 39 40 33 25 45 13 29 9 37 41 5 21 17 3 2 6 7 43 42 19 18 48 10 14 15 16 27 26 30 31 32 47 46 20 8 1
14 1 23 18 9 3 28 11 7 2 5 8 15 20 22 19 30 24 10 13 21 6 27 12 26 25 17 4 29 32 16 31
1 18 11 39 48 36 5 4 41 31 3 21 30 34 43 17 38 37 45 12 2 19 47 32 46 10 6 23 44 27 16 20 42 35 40 8 25 50 49 29 9 22 26 33 13 24 28 14 7 15
11 10 16 4 6 14 2 12 9 7 3 8 5 13 1 15
24 8 20 5 23 26 6 25 7 11 13 18 9 15 22 1 2 10 14 4 12 3 16 19 21 17
