20 45 50 10 9 19 7 47 1 11 22 49 43 25 21 12 38 27 44 36 16 32 30 42 41 48 29 8 40 37 2 28 5 14 33 15 46 3 4 26 17 24 23 35 39 34 13 31 18 6
44 17 7 30 2 41 18 46 11 27 3 29 12 50 14 31 22 38 16 32 15 42 23 45 8 26 19 49 20 33 1 28 21 37 9 48 6 43 5 36 13 39 10 34 4 40 25 47 24 35
6 28 8 36 18 37 20 48 5 29 12 31 3 40 14 44 15 50 23 30 26 41 1 10 33 46 11 38 9 34 4 27 13 42 7 43 17 2 35 25 32 24 49 21 47 22 45 16 39 19
12 7 42 6 41 27 10 23 22 26 31 34 16 9 33 29 21 32 37 2 14 1 46 28 24 19 36 50 35 8 5 40 38 25 47 13 17 15 11 20 44 18 4 43 39 49 30 3 48 45
7 31 12 24 15 16 13 5 44 18 33 28 11 2 39 3 36 22 38 32 6 43 17 35 4 23 49 30 41 50 25 34 19 42 21 48 26 46 40 45 9 37 47 10 29 8 27 14 1 20
14 6 8 12 10 11 1 2 5 16 13 15 4 7 3 9
17 11 42 28 40 7 21 30 26 44 8 45 48 31 2 10 43 35 50 22 1 32 29 39 9 23 20 36 38 19 12 46 13 18 27 4 3 49 41 5 6 34 15 16 47 37 24 14 33 25
17 26 6 28 39 37 12 11 44 27 9 25 1 3 46 41 35 38 48 7 33 22 24 2 50 40 8 13 49 23 42 32 21 31 30 47 4 5 43 20 18 29 16 36 14 34 15 19 10 45
30 2 19 20 21 1 5 4 3 23 24 25 26 27 28 29 9 10 11 12 13 14 8 7 6 18 17 16 15 22
46 47 45 38 37 48 33 39 30 44 23 34 27 32 29 35 28 50 43 49 36 42 31 41 22 26 25 21 40 19 20 15 3 2 8 9 4 6 13 14 10 5 16 12 7 1 18 17 24 11
7 5 3 1 4 2 8 6
24 40 41 34 45 38 42 20 37 10 36 5 18 27 33 32 50 12 16 31 21 19 13 11 39 48 26 2 49 17 30 46 9 47 22 25 28 35 6 29 8 23 3 44 43 7 14 1 4 15
7 4 47 29 5 16 33 49 21 15 50 25 17 28 3 46 24 38 2 45 9 13 32 43 12 11 31 41 10 48 40 1 34 14 26 6 22 36 37 8 23 30 42 20 35 27 19 18 39 44
30 27 7 33 39 34 3 17 19 11 29 21 32 4 46 28 5 1 12 36 2 16 47 20 10 49 50 14 13 8 37 6 26 48 23 25 42 9 43 40 31 22 35 38 24 15 41 44 45 18
32 50 6 4 36 26 14 41 10 22 39 24 38 18 34 19 7 31 15 48 21 49 9 35 12 5 45 16 47 25 11 44 17 20 42 28 29 8 1 30 46 2 43 37 33 40 13 27 23 3
9 14 3 32 34 17 33 45 23 15 7 36 40 13 35 41 11 30 29 43 20 6 49 16 24 46 39 48 5 31 27 22 12 38 18 19 42 44 1 4 28 37 47 10 26 21 8 50 25 2
37 26 38 9 42 19 7 14 50 33 18 8 41 4 49 28 11 43 24 46 21 2 36 27 1 23 16 31 40 39 29 10 25 3 32 15 17 30 6 13 34 12 45 47 44 48 35 5 22 20
42 15 22 45 33 32 36 31 2 3 4 48 1 13 14 7 35 34 40 44 43 18 17 29 30 23 11 10 19 20 16 12 21 9 8 46 39 38 37 25 41 5 6 47 27 26 28 24
1 6 2 5 3 4
17 49 27 42 11 28 39 32 48 43 22 46 10 37 8 35 19 2 21 41 36 26 24 16 14 5 45 7 34 20 47 40 18 23 30 13 29 12 33 1 6 31 50 15 25 9 38 44 4 3
25 21 39 40 8 38 20 32 29 17 23 15 36 43 24 46 16 49 18 10 48 37 5 12 34 19 4 28 50 13 22 31 42 35 14 44 26 3 1 33 7 2 41 45 11 9 6 30 27 47
25 44 19 16 7 23 5 2 29 4 18 36 10 43 24 30 41 21 28 13 37 9 17 12 34 15 31 6 32 27 20 38 26 11 39 22 40 3 1 42 14 8 35 33
39 40 22 21 20 16 15 14 13 12 11 7 6 31 32 33 34 19 18 17 8 43 42 41 5 4 3 2 1 25 24 23 47 46 45 44 38 37 30 29 28 27 26 35 36 48 49 50 9 10
10 23 22 18 16 3 8 7 5 25 2 1 4 17 6 15 24 26 21 12 11 19 9 13 14 20
5 13 15 16 7 19 14 12 18 1 11 9 10 6 8 3 17 20 2 4
1 24 5 33 38 9 44 28 37 40 29 49 16 20 50 6 11 36 47 32 23 30 34 2 21 12 46 4 15 42 45 31 19 18 13 10 8 41 26 39 27 35 17 48 22 25 14 43 3 7
30 34 38 11 24 37 14 25 33 41 17 23 21 48 9 6 36 49 22 10 46 15 44 26 31 12 20 7 47 43 8 13 27 42 28 32 45 39 19 2 29 5 35 50 40 3 16 4 1 18
19 14 35 21 20 5 28 40 48 13 17 32 23 42 10 31 30 9 1 49 50 29 39 4 41 27 8 22 12 18 33 36 7 24 45 16 6 37 44 46 15 11 3 47 26 34 25 2 38 43
24 18 4 22 36 11 34 44 47 10 5 25 17 43 28 3 48 35 42 1 32 37 50 8 19 26 38 29 6 12 27 15 40 33 2 41 31 45 23 14 46 9 30 21 20 49 39 16 13 7
5 2 28 20 44 33 45 19 27 40 32 16 9 13 29 18 14 23 43 17 37 12 38 26 1 42 7 41 46 4 3 6 36 25 22 50 10 21 15 30 47 11 35 8 34 24 49 39 31 48
32 26 24 20 18 10 44 25 43 5 38 15 6 17 27 34 11 48 28 33 9 7 47 19 40 2 1 31 21 3 39 16 41 12 30 42 23 46 35 8 45 37 29 14 4 49 36 50 13 22
26 25 28 10 11 36 37 40 39 38 22 43 42 41 13 16 15 7 47 46 6 4 45 44 5 8 9 12 18 17 20 31 32 33 34 35 14 30 19 27 29 48 1 2 3 21 24 23
47 23 33 17 39 29 4 12 28 18 43 30 26 41 24 14 40 21 20 44 16 25 7 3 50 11 10 2 15 37 6 27 42 22 32 35 46 19 5 36 8 1 31 9 13 48 34 45 38 49
46 34 23 16 36 40 39 7 26 27 4 45 15 14 9 42 21 17 3 24 28 47 22 49 35 19 10 11 25 1 41 43 32 44 48 29 18 38 5 2 37 20 31 50 12 30 33 6 13 8
7 26 41 50 43 38 31 1 30 11 27 8 42 24 23 28 47 29 6 9 34 14 25 15 17 10 39 20 32 5 36 12 33 18 37 3 48 16 45 4 13 40 49 46 21 35 2 19 44 22
47 48 15 16 12 13 44 17 18 9 10 5 4 3 25 26 29 2 1 21 20 24 23 8 7 6 14 43 30 19 27 22 46 45 42 41 33 37 36 40 39 38 11 35 34 28 32 31
11 15 4 9 3 10 14 2 8 7 6 12 1 13 5 38 36 43 32 46 20 33 37 30 24 19 22 18 39 28 42 25 49 48 40 50 17 45 44 27 16 35 29 41 26 21 23 34 31 47
1 10 6 7 4 5 8 9 2 22 21 28 29 27 26 23 25 24 30 3 18 19 13 12 11 20 16 17 15 14
4 30 33 26 9 15 34 31 24 17 43 35 20 25 19 45 50 46 12 13 23 37 42 3 11 7 29 48 1 22 8 32 44 39 21 16 40 41 36 2 14 10 27 28 38 5 18 6 49 47
24 34 29 33 16 27 8 28 49 7 32 10 46 39 38 17 9 20 35 21 45 30 31 1 3 41 48 5 36 2 44 15 19 11 25 47 13 43 40 23 26 4 14 37 50 22 12 42 6 18
39 48 37 38 15 36 29 27 46 11 28 1 12 25 42 23 32 5 22 2 43 50 21 26 41 44 47 10 7 16 13 24 9 4 8 31 34 19 49 6 3 14 35 30 17 20 18 45 40 33
50 36 9 45 39 48 41 28 26 21 47 34 16 46 18 13 19 7 32 20 6 1 22 37 38 35 8 23 10 29 31 17 11 5 49 15 25 27 14 3 43 42 40 44 30 33 2 12 24 4
9 29 27 34 31 22 37 10 42 19 20 1 30 32 25 50 43 38 33 17 47 24 49 7 3 5 12 26 6 45 11 21 44 41 40 39 4 2 36 35 18 23 14 46 8 13 16 28 15 48
10 8 5 1 7 3 2 6 4 9
12 20 11 42 49 19 17 37 13 14 18 38 33 25 41 46 23 29 22 26 24 30 10 5 34 44 45 7 3 32 36 9 4 50 48 47 2 6 31 43 8 1 35 27 21 28 15 16 40 39
4 22 17 30 37 12 46 49 13 23 44 35 6 8 24 15 29 11 39 45 33 19 26 7 36 18 32 50 43 2 47 5 16 27 3 34 25 41 28 21 48 9 10 1 14 31 20 42 38 40
49 10 45 15 2 18 16 26 20 39 22 32 33 19 28 23 43 14 42 38 29 37 12 34 5 50 3 13 1 44 25 4 24 9 31 41 47 48 17 27 30 46 35 40 11 21 36 6 7 8
25 20 9 19 3 37 35 11 2 32 24 4 50 29 5 33 21 8 36 41 47 40 26 34 10 31 22 43 39 48 28 49 44 45 27 46 38 23 30 1 6 42 7 15 14 13 12 17 16 18
43 4 2 8 19 14 26 7 3 20 10 34 22 5 1 44 45 21 6 27 40 28 9 18 33 41 35 31 29 36 16 23 11 12 46 39 37 42 38 32 50 13 17 15 24 49 25 30 47 48
11 29 8 45 16 2 33 50 32 38 1 4 34 24 47 3 5 40 6 36 31 13 42 17 48 30 44 7 10 35 43 26 22 49 41 15 12 21 27 39 14 46 28 19 18 9 23 20 25 37
43 25 32 45 16 34 38 13 42 31 10 9 39 37 49 21 4 48 46 40 27 1 24 23 5 12 35 30 11 36 47 26 8 22 17 50 28 44 19 29 7 20 6 14 2 3 15 41 18 33
8 4 50 12 5 3 39 23 26 11 48 27 32 20 33 40 9 37 7 30 49 35 10 6 22 45 24 44 21 46 18 42 1 2 34 28 38 47 36 14 19 25 15 13 17 31 41 29 16 43
3 50 1 37 24 16 39 43 40 42 29 35 46 10 25 18 20 13 33 14 34 27 6 26 30 45 12 17 47 21 19 7 23 28 41 2 48 32 4 15 22 49 44 36 31 9 5 11 8 38
18 12 2 21 14 16 9 11 15 5 22 19 17 7 1 4 8 6 10 3 13 20
41 45 44 26 29 25 24 23 42 31 32 28 1 5 20 16 15 33 34 35 11 6 43 14 22 3 4 8 7 13 12 18 17 21 10 9 48 47 46 30 19 27 38 39 40 36 37 2
50 22 19 2 21 20 31 6 38 7 35 17 1 25 33 14 45 49 37 30 48 44 36 28 42 8 41 10 13 26 4 39 34 43 40 27 24 15 16 3 29 12 5 32 23 18 9 11 47 46
2 1 3 4
8 2 9 3 5 4 6 7 1 10
5 4 8 7 22 21 26 27 29 23 20 25 24 28 11 12 10 14 15 18 19 13 17 16 47 42 41 46 9 3 2 6 1 39 33 34 50 49 43 38 35 30 32 31 36 37 40 45 44 48
50 39 10 6 12 2 3 28 1 21 23 44 5 16 13 15 14 32 34 25 20 35 17 19 7 46 37 47 22 43 49 30 36 26 8 33 31 38 42 11 45 40 27 9 48 4 24 41 18 29
36 15 27 25 12 7 41 5 43 14 29 23 8 40 28 22 47 13 1 45 2 34 35 44 6 30 10 31 26 9 48 37 16 38 3 42 21 33 46 17 11 32 39 19 20 18 49 50 24 4
35 34 42 13 22 23 43 32 18 20 44 31 9 2 26 30 5 6 40 41 38 14 12 33 39 48 1 10 15 45 28 24 8 7 46 27 36 11 3 25 47 37 19 21 49 50 29 17 4 16
50 37 14 11 13 7 27 8 17 40 25 22 41 43 2 35 1 18 45 20 39 32 15 23 5 30 47 28 36 46 4 26 49 44 42 16 29 31 24 38 21 48 33 6 34 19 3 10 9 12
3 1 2 4
36 35 15 24 34 2 40 32 12 11 46 45 17 1 26 7 41 50 9 42 3 29 16 37 44 48 5 49 28 22 33 43 4 31 14 47 21 23 27 20 18 39 6 10 25 38 19 8 30 13
20 21 44 3 4 5 26 2 1 32 33 24 25 43 14 15 16 17 18 19 46 47 48 37 38 45 12 22 23 13 42 28 29 30 31 36 35 34 7 6 50 49 27 8 9 10 11 39 40 41
21 19 18 31 29 7 38 25 17 15 20 6 16 35 13 23 12 28 8 33 39 2 14 27 30 37 11 32 40 24 1 34 26 5 3 4 36 10 9 22
9 35 34 6 16 31 13 40 32 10 23 45 46 42 3 21 30 8 1 41 48 44 17 19 29 38 33 43 11 22 14 7 37 26 20 25 49 47 18 28 5 15 36 4 50 39 27 2 24 12
1 11 15 5 4 20 2 18 40 8 43 35 27 33 39 31 32 14 3 45 48 17 36 12 7 19 38 50 13 9 41 49 25 16 24 10 47 22 28 42 6 29 44 30 21 23 26 46 34 37
39 19 9 37 23 11 13 28 45 12 8 16 5 26 2 30 25 48 40 32 3 4 7 43 20 41 15 10 46 36 22 14 47 29 44 17 1 33 21 50 31 34 24 42 6 27 35 49 18 38
6 1 9 7 2 10 3 8 5 4
26 27 28 47 48 1 18 31 30 42 49 45 32 36 35 9 2 46 23 24 43 44 33 41 34 29 17 10 37 38 5 6 7 8 12 11 3 4 15 50 39 40 19 20 21 25 16 13 14 22
3 29 10 23 9 20 8 1 44 18 43 13 7 40 42 50 12 38 32 16 45 11 33 39 5 22 25 37 17 46 36 49 27 4 34 6 30 31 26 21 28 41 35 2 24 19 48 14 47 15
39 40 36 37 33 25 29 21 17 18 8 7 12 13 20 24 23 42 41 45 44 16 15 2 3 4 5 1 48 47 31 32 28 26 9 10 11 46 22 43 19 6 14 27 38 30 35 34
10 13 18 2 17 7 16 9 4 3 5 6 1 11 12 15 8 14
13 18 23 25 26 3 21 5 14 8 27 17 20 12 6 16 19 15 2 1 28 11 4 7 10 9 22 24
21 3 16 17 14 35 11 30 33 20 26 10 39 7 18 6 9 12 37 8 34 27 13 5 32 23 31 38 28 15 1 2 24 25 22 40 29 19 36 4
19 36 9 17 43 39 47 31 23 37 38 29 46 33 16 49 41 11 12 18 15 27 22 48 40 24 7 30 13 2 25 1 28 6 10 35 21 32 45 3 50 34 42 26 44 4 5 14 20 8
47 44 42 43 7 13 46 26 34 4 2 20 41 50 12 18 6 39 28 32 11 21 19 29 40 27 3 8 37 45 38 15 25 48 16 33 14 35 24 36 31 5 30 17 23 1 10 9 49 22
8 33 10 20 11 12 22 9 18 26 43 1 30 25 19 44 31 28 16 45 34 41 39 46 49 6 48 15 35 42 21 2 3 40 23 24 36 17 13 50 14 27 5 4 7 32 37 47 38 29
29 48 16 24 5 34 36 44 8 2 4 31 26 46 13 21 43 35 28 15 7 17 30 37 38 3 14 10 41 50 9 25 19 42 40 22 20 6 33 47 18 12 45 32 39 1 11 23 49 27
9 24 44 33 30 1 39 2 50 4 25 46 42 19 21 47 36 14 26 20 29 37 7 41 3 6 45 17 11 31 32 16 48 27 22 23 35 12 43 15 5 40 34 18 38 49 8 28 13 10
41 7 26 42 16 5 34 21 49 28 2 31 39 48 4 1 15 25 30 27 23 50 43 45 46 6 3 33 12 44 29 38 35 37 9 18 22 13 20 24 19 36 10 32 11 14 8 40 17 47
41 31 12 46 43 22 35 20 14 29 50 2 15 5 40 11 47 3 32 4 42 28 21 13 26 9 6 44 7 37 45 23 48 19 36 34 10 38 39 1 16 30 17 27 18 25 49 8 33 24
11 7 37 22 45 29 25 23 49 38 33 30 40 34 28 36 19 39 47 18 16 1 6 46 43 20 24 21 50 31 2 41 35 12 26 32 3 17 8 27 9 5 14 42 10 44 13 48 4 15
10 25 26 23 2 20 27 28 16 13 19 6 22 3 14 4 21 24 5 7 18 17 15 12 11 29 8 9 1 30
43 49 1 5 4 8 7 3 9 33 30 31 28 24 23 29 22 21 26 27 25 20 11 12 16 17 14 15 10 13 19 18 35 39 40 41 42 46 38 34 37 36 32 2 6 45 44 48 47 50
27 46 9 19 41 7 29 36 18 15 5 48 45 34 13 20 26 2 32 43 11 28 38 17 42 22 37 35 49 3 16 30 47 21 25 10 39 14 1 24 12 6 44 33 31 4 40 8 50 23
2 5 6 1 3 4
19 48 33 28 3 20 47 44 36 8 30 29 22 32 4 35 23 45 41 21 2 49 40 27 18 15 26 43 13 6 34 14 12 1 11 24 7 37 17 39 42 31 25 9 10 16 50 5 38 46
28 7 27 32 31 2 39 19 9 30 24 18 33 26 4 6 50 49 23 8 36 5 45 17 48 37 16 21 47 25 40 29 34 11 41 13 15 14 1 3 38 46 10 20 22 12 35 42 43 44
28 8 9 5 20 24 3 2 15 30 12 23 19 13 11 22 27 18 16 6 29 1 26 17 7 25 4 32 21 14 10 31
35 4 33 24 7 6 5 32 16 36 9 26 42 40 18 37 13 45 50 34 15 31 17 43 22 3 29 46 21 2 30 44 41 12 8 11 25 39 28 10 23 20 48 38 1 19 27 49 47 14
3 2 1 5 4 7 6 8
49 18 44 1 42 34 30 16 19 38 25 6 7 15 12 33 29 43 46 4 40 20 11 2 47 8 50 36 48 3 39 32 13 5 26 35 27 17 41 21 31 10 9 37 14 23 45 24 22 28
22 23 18 37 4 33 14 5 44 38 9 34 1 39 10 29 35 45 2 7 19 46 32 24 36 3 47 30 8 43 42 13 41 15 25 27 11 6 16 48 50 20 21 49 28 17 40 26 12 31
30 44 35 12 5 7 32 13 42 21 43 10 34 38 17 24 37 48 2 3 11 33 6 19 8 41 18 1 47 39 28 20 15 23 14 26 4 45 9 49 16 46 36 27 40 29 31 22 25 50
20 18 36 31 33 43 27 19 17 24 3 6 8 11 14 5 7 13 34 39 41 42 44 37 32 30 12 28 26 25 35 38 10 40 9 50 16 22 21 46 2 29 15 23 45 4 1 49 47 48
11 12 13 7 6 8 9 10 5 3 4 14 15 16 1 2
10 8 5 7 3 2 9 4 6 1
6 5 4 3 8 7 1 2
8 6 4 3 7 2 1 9 10 5
28 46 5 23 21 8 22 47 24 45 2 13 29 43 19 10 14 11 16 20 34 30 18 1 15 7 6 32 40 41 9 39 44 31 36 33 4 35 37 25 3 17 48 38 42 12 27 26
37 2 36 29 43 40 1 26 24 49 3 13 18 35 32 44 11 7 41 5 42 28 48 31 30 27 19 21 45 39 34 15 8 20 9 23 46 38 22 12 33 16 25 17 6 50 10 14 47 4
1 3 5 2 4 6 7 10 8 11 15 13 12 9 16 14 20 19 18 17 48 50 45 43 39 36 32 28 25 22 26 29 30 35 23 21 24 31 34 27 33 37 40 42 46 44 41 38 47 49
4 39 30 7 12 20 22 3 32 28 27 23 49 50 25 16 24 36 34 19 13 11 33 6 15 41 43 44 9 42 40 48 45 8 47 29 37 14 21 26 10 5 38 31 18 46 1 2 17 35
35 43 22 17 40 31 19 47 6 32 27 28 45 9 36 34 23 3 48 10 5 14 24 13 42 11 39 46 4 25 33 26 21 49 16 30 1 7 41 38 44 37 8 18 15 12 20 50 29 2
29 44 37 4 24 11 27 21 5 30 12 23 14 25 18 7 45 22 42 17 46 32 8 50 39 35 47 28 38 16 36 3 34 13 26 40 2 33 41 19 20 15 10 49 31 9 48 6 43 1
6 16 14 15 4 11 13 20 21 9 8 19 18 12 5 10 3 17 22 1 2 7
19 12 17 20 16 15 13 18 14 24 26 29 21 1 23 28 30 11 35 34 37 38 40 33 39 36 32 31 44 42 41 46 47 45 27 25 22 48 49 50 43 6 4 5 3 2 7 10 8 9
4 5 1 6 2 3
1 4 17 18 15 14 2 3 10 11 22 20 21 24 23 16 13 12 9 19 6 7 8 5
18 3 26 31 10 6 7 47 48 27 39 42 37 12 32 17 11 41 8 24 40 35 23 43 49 50 13 33 30 36 29 19 20 9 2 1 45 44 38 46 25 34 4 15 22 16 28 21 5 14
26 25 9 22 23 7 1 17 8 3 5 6 13 4 20 2 47 28 35 12 10 43 33 48 24 16 39 37 29 42 30 32 41 50 46 44 36 34 49 45 40 38 27 31 15 18 19 21 11 14
23 30 27 34 41 4 25 22 42 13 28 50 12 38 15 40 37 8 5 49 19 1 26 11 9 2 48 10 3 35 46 6 36 43 21 33 16 17 7 44 14 31 45 47 20 39 24 32 29 18
44 46 48 43 18 47 17 36 23 21 25 1 28 34 45 33 9 40 11 12 41 13 6 2 7 49 31 30 14 4 37 38 29 39 8 3 19 27 35 10 24 5 50 42 22 32 15 26 16 20
6 11 17 10 5 8 7 13 16 3 4 2 19 20 12 15 14 18 1 9
15 2 23 40 38 9 4 34 45 3 42 43 18 37 27 35 32 39 47 8 7 46 25 10 30 36 16 12 17 22 13 41 31 44 11 19 14 6 33 24 1 20 26 5 29 28 48 21
31 50 42 45 4 19 21 46 40 38 24 9 18 8 12 44 48 28 35 26 10 34 47 22 15 36 43 17 23 5 6 37 27 11 39 25 20 3 33 13 14 29 41 16 32 49 1 2 30 7
15 18 16 27 13 37 47 21 3 24 48 26 9 42 43 14 39 46 34 25 35 23 2 44 11 29 36 41 10 30 32 38 40 6 28 20 33 8 22 45 1 49 5 31 4 50 19 17 12 7
44 22 17 35 16 36 29 5 48 43 46 37 8 10 42 47 14 7 27 9 41 30 13 28 2 38 24 34 20 45 12 6 40 3 21 50 25 4 19 26 11 33 39 18 49 1 15 31 23 32
9 40 8 16 21 23 28 36 7 22 20 37 15 2 31 38 1 25 18 29 13 6 33 39 35 30 4 5 12 26 32 3 19 34 10 24 27 14 11 17
50 17 14 6 4 25 24 33 46 47 13 9 12 26 27 2 5 22 18 20 49 35 39 30 36 45 15 41 16 40 10 32 19 34 37 28 1 21 42 44 7 43 38 11 31 29 48 8 3 23
45 10 38 23 25 17 43 49 28 33 41 30 48 13 40 15 16 36 1 6 21 26 19 32 35 34 29 39 27 4 11 31 7 44 5 14 37 24 20 3 9 42 50 22 12 46 47 18 8 2
11 17 7 34 39 33 48 23 47 24 13 12 3 46 32 4 37 38 28 5 49 30 21 18 40 43 31 36 2 20 10 16 8 35 41 27 19 22 6 26 44 15 1 9 42 25 45 50 14 29
2 13 23 46 48 31 39 18 5 35 10 34 40 3 1 22 4 9 11 26 12 36 19 33 50 32 25 21 27 24 28 42 15 7 43 6 38 49 41 16 47 45 29 30 14 17 37 20 8 44
44 45 29 11 38 8 1 50 21 27 6 15 35 47 24 31 36 41 28 46 32 16 42 19 13 43 23 40 18 9 48 22 10 37 14 12 34 33 26 5 3 39 7 17 25 30 49 2 4 20
6 40 39 38 37 9 21 25 5 29 1 17 24 23 36 35 34 47 26 27 28 12 13 45 33 41 48 8 7 43 42 46 10 11 44 2 3 4 20 19 18 22 32 31 30 16 15 14
2 35 24 39 21 43 18 6 46 7 40 5 25 37 4 22 48 8 27 9 28 33 19 49 26 11 41 16 23 50 15 44 20 36 47 17 32 29 13 38 10 31 45 12 14 34 42 1 30 3
23 28 19 44 26 7 15 47 39 33 12 27 10 11 41 22 18 29 42 17 37 49 45 13 24 31 36 2 4 21 35 6 43 1 3 46 34 25 8 48 50 5 40 32 20 16 38 9 30 14
32 43 36 9 27 11 26 5 17 33 31 44 19 14 12 22 25 18 41 1 30 3 42 48 21 47 34 10 49 29 24 6 20 39 7 23 4 15 13 2 28 38 37 40 45 35 8 50 16 46
24 39 37 27 1 31 14 17 6 13 3 19 40 9 7 38 50 21 15 11 26 28 45 42 18 4 34 41 29 35 47 22 46 32 25 30 12 48 43 44 23 10 33 36 20 8 5 2 16 49
39 40 12 26 14 5 6 22 15 4 9 25 21 38 41 2 36 13 50 42 31 17 48 11 27 3 29 46 16 7 20 1 37 24 28 8 33 23 18 34 10 49 45 19 44 47 30 32 35 43
10 7 6 20 16 11 8 1 12 19 3 4 9 14 15 17 2 5 13 18
50 49 28 4 3 30 29 39 16 17 42 35 23 36 14 47 46 13 18 26 27 24 9 48 11 22 37 38 2 1 32 33 34 7 6 5 43 21 20 19 40 41 8 12 31 10 25 45 44 15
15 16 36 20 30 6 49 28 11 1 2 45 40 41 13 48 14 31 32 22 21 44 46 8 47 27 3 42 17 18 43 23 38 26 25 29 50 19 12 35 24 5 7 33 34 39 4 10 9 37
20 22 42 6 1 37 41 2 16 45 8 35 39 23 47 44 10 48 40 11 13 46 28 19 25 50 9 38 24 14 43 30 5 3 33 32 17 26 49 12 34 18 27 4 36 29 15 31 7 21
21 30 35 4 32 7 33 25 17 40 3 27 42 12 9 38 36 47 8 50 22 11 5 13 18 14 15 16 6 26 45 1 34 20 23 37 48 24 19 44 29 28 43 2 10 46 39 49 31 41
37 49 36 5 14 1 39 47 44 19 24 41 26 29 4 17 31 38 10 8 32 34 7 18 16 43 27 25 23 21 40 48 33 20 2 15 50 45 6 22 35 42 13 11 28 30 46 3 12 9
13 42 10 15 14 43 24 11 19 48 7 28 26 30 17 31 49 46 4 32 16 6 22 37 5 38 45 29 36 12 9 23 8 35 41 21 44 2 47 25 27 20 18 1 33 34 3 50 40 39
10 47 41 48 12 38 2 42 17 32 7 31 28 36 49 16 19 3 4 1 44 30 24 45 9 13 29 27 43 14 21 39 22 18 6 26 15 35 5 33 40 8 23 50 25 46 37 20 34 11
12 17 42 46 21 19 32 28 2 13 38 50 25 41 15 29 3 4 47 23 10 8 35 48 14 16 40 24 44 11 5 30 20 22 49 31 7 37 43 6 9 34 39 36 18 33 45 1 26 27
21 32 31 34 39 35 36 33 13 12 15 30 8 7 5 6 9 17 14 16 11 18 20 19 38 40 37 29 27 28 25 26 22 23 24 48 43 44 42 45 49 50 41 47 46 4 3 10 1 2
50 26 30 33 40 11 14 46 7 6 39 1 2 34 47 19 42 8 15 9 43 21 49 36 44 13 10 17 37 16 3 48 27 32 4 12 38 5 29 18 23 41 24 31 45 25 22 20 35 28
33 22 12 6 32 42 11 27 47 37 49 46 19 25 5 20 17 16 35 14 34 3 18 9 13 2 39 40 43 31 38 45 7 23 24 1 29 50 10 21 44 4 28 41 26 48 8 30 36 15
15 6 13 9 7 16 3 4 2 12 5 10 1 11 8 14
23 33 15 9 12 11 34 31 18 29 19 41 14 45 28 42 27 35 8 1 13 32 3 48 47 50 25 21 16 49 24 4 46 2 17 10 38 36 5 22 30 40 37 43 6 20 26 39 7 44
25 50 21 1 12 42 33 20 49 15 17 19 48 7 3 45 34 39 41 22 4 18 43 31 13 32 29 8 36 40 37 24 26 5 23 2 11 30 38 10 47 35 46 27 14 9 6 16 44 28
16 45 6 49 28 4 37 19 3 9 30 13 33 31 2 42 29 10 21 35 34 50 32 18 23 48 38 11 22 15 26 25 46 39 44 7 20 14 27 43 17 8 41 1 5 40 47 24 36 12
12 14 13 32 40 19 15 20 30 21 10 5 8 29 22 34 18 11 16 37 9 2 36 38 26 7 6 24 4 27 28 39 1 35 23 3 17 31 33 25
20 40 31 41 10 50 13 27 33 28 4 8 38 12 29 43 36 3 26 37 35 5 9 46 45 19 47 21 34 15 24 48 18 39 7 14 32 42 23 49 11 2 30 25 44 16 1 22 17 6
1 24 49 37 11 14 4 26 36 3 9 30 44 6 47 31 12 25 32 35 5 21 43 41 2 50 17 10 48 18 28 16 22 34 45 15 19 27 20 29 42 33 23 39 40 46 7 38 13 8
47 4 48 3 49 14 13 38 31 19 32 20 21 33 46 37 8 7 44 42 9 43 24 27 28 29 30 22 23 41 36 15 16 35 17 18 34 39 5 6 45 40 12 11 10 1 2 50 25 26
31 40 41 13 46 35 9 49 50 44 23 5 39 45 28 27 10 2 19 34 12 6 38 30 4 47 33 42 17 25 14 22 7 43 26 29 37 24 18 11 16 32 20 3 48 8 1 36 21 15
7 16 31 37 26 10 20 46 35 13 11 40 9 1 28 17 2 36 19 33 41 15 47 44 42 6 4 50 39 8 49 23 34 24 14 30 45 12 22 38 32 48 18 25 27 5 29 43 21 3
11 10 5 8 4 6 2 9 7 1 12 3
47 26 46 18 36 29 13 39 15 17 3 35 41 12 28 45 27 21 25 14 9 33 7 31 2 32 30 16 43 37 38 44 48 49 19 20 23 5 42 50 1 24 4 22 40 34 10 6 8 11
1 35 44 34 36 42 16 5 18 37 50 31 7 26 40 29 24 2 4 49 32 6 43 8 41 20 27 45 48 14 28 33 23 39 46 22 19 25 3 15 13 9 11 21 17 47 10 30 12 38
29 50 17 14 22 7 28 38 26 46 3 20 4 19 30 16 41 11 49 34 39 8 10 31 5 48 15 18 47 44 27 35 1 2 37 21 45 42 32 24 13 43 12 33 6 25 36 23 40 9
22 14 1 10 6 24 2 23 3 4 12 5 18 13 9 21 19 20 17 7 16 8 11 15
28 40 22 48 2 13 16 31 6 43 29 14 20 18 19 42 39 41 33 21 34 38 25 1 5 24 11 7 35 15 47 23 9 44 36 37 45 3 12 8 32 10 17 26 30 27 46 4
39 40 30 27 28 29 22 7 12 44 24 4 5 8 42 37 32 14 11 9 31 36 33 34 35 38 45 48 43 21 41 23 20 17 16 1 2 15 18 13 19 10 25 26 3 47 46 6
10 42 41 26 8 22 47 4 44 3 2 38 46 1 32 12 37 28 48 6 35 31 19 17 29 33 34 30 39 14 15 36 7 50 23 11 27 43 13 24 5 9 20 21 25 49 45 40 18 16
1 13 45 16 14 50 38 42 15 12 46 8 27 9 35 3 44 7 10 29 49 19 30 4 26 28 21 33 5 17 36 31 6 24 47 39 11 41 40 32 43 48 34 23 2 18 37 20 22 25
34 35 36 37 6 5 4 3 10 9 8 43 42 41 40 7 1 2 27 26 33 44 45 46 47 48 49 50 25 24 11 12 13 14 15 16 17 39 38 20 19 18 29 28 30 31 32 21 22 23
13 10 12 18 23 16 22 24 14 3 1 19 21 5 20 25 7 11 8 26 4 15 9 6 17 2
38 36 34 10 22 46 19 16 14 41 44 26 1 9 3 28 40 43 4 11 21 31 35 27 6 8 30 37 47 18 13 33 32 42 20 23 29 39 12 2 5 50 48 15 25 49 45 24 17 7
35 31 39 13 16 20 42 46 4 1 3 29 21 30 22 23 48 47 18 14 49 27 26 24 25 28 19 12 8 44 41 10 2 6 32 33 17 11 15 36 40 9 7 50 45 43 5 37 34 38
18 22 34 44 4 25 9 8 50 36 47 2 27 37 40 10 1 28 7 11 19 31 6 20 39 30 5 14 32 17 48 21 38 29 26 15 12 24 35 43 33 45 16 3 49 42 23 46 13 41
21 39 37 5 47 19 12 26 29 6 22 28 14 13 40 9 50 8 15 30 7 34 16 46 3 10 35 38 42 44 2 32 20 31 11 27 23 4 18 41 48 17 36 45 1 25 43 24 49 33
49 7 25 24 43 5 11 1 31 19 12 30 47 44 41 4 36 50 2 45 14 38 21 35 6 46 16 13 20 15 33 39 18 26 34 42 8 29 32 9 28 22 3 40 27 48 37 10 23 17
50 25 40 46 48 27 3 24 21 31 6 30 16 15 23 26 17 28 22 11 12 8 7 13 32 20 35 44 45 41 37 36 38 49 43 19 4 47 34 39 29 18 33 42 9 10 2 14 5 1
33 19 2 47 14 13 5 41 34 4 7 44 18 8 39 24 46 42 20 32 16 9 31 27 40 43 28 15 49 12 1 17 35 29 22 6 11 50 26 45 23 38 37 21 30 10 36 3 25 48
4 38 12 40 35 29 26 19 17 37 44 28 50 11 34 46 1 33 30 6 23 47 21 45 41 25 14 8 20 42 10 39 24 48 7 27 5 16 49 36 9 32 2 22 13 3 18 31 15 43
23 22 43 38 1 39 12 42 3 13 45 29 5 33 14 49 36 25 34 21 40 7 44 8 41 24 35 32 4 50 9 26 48 27 19 16 30 46 6 37 2 18 28 20 47 11 10 31 17 15
2 4 1 5 3 6
25 10 21 7 6 16 29 28 15 8 3 18 20 27 19 4 26 13 23 5 30 24 1 12 17 22 14 11 9 2
20 12 11 27 43 6 33 13 40 50 1 46 30 2 8 34 16 5 4 17 9 7 10 44 49 39 31 23 3 19 47 22 24 32 45 41 18 35 37 42 14 25 15 48 21 38 36 29 26 28
18 7 42 34 21 14 38 33 44 22 13 36 12 19 30 47 48 46 43 4 25 2 1 20 41 31 28 26 5 9 10 17 3 16 15 8 39 40 23 37 50 11 32 27 6 49 45 24 35 29
20 13 23 16 24 5 22 4 17 26 10 27 2 31 3 32 7 19 14 25 6 18 1 30 15 29 12 28 11 21 8 34 9 33
2 4 8 6 9 11 1 12 7 10 5 3
15 14 18 34 16 22 28 25 23 13 43 44 38 37 4 19 31 33 36 8 7 9 40 39 41 42 48 47 35 17 45 46 26 27 30 10 11 12 6 5 3 2 21 24 1 20 29 32
47 49 48 46 45 43 44 42 41 40 38 39 37 36 35 34 33 32 31 30 29 28 27 26 24 23 22 25 21 20 19 18 17 16 15 14 13 12 11 10 9 8 7 6 5 4 3 2 1 50
46 5 37 10 30 12 41 38 11 1 24 4 50 33 42 36 40 44 47 8 9 20 34 28 2 16 14 31 13 23 6 15 27 48 7 19 32 17 39 29 45 26 35 18 49 3 43 25 21 22
12 6 18 10 15 7 13 4 9 2 11 8 5 20 19 17 14 1 3 16
44 34 49 23 37 7 3 11 20 9 32 30 19 40 21 35 1 22 10 31 12 18 42 26 41 13 4 15 47 50 14 33 17 8 39 2 48 5 27 43 6 28 36 29 16 25 38 24 46 45
11 18 40 23 8 2 17 5 44 16 10 48 33 43 1 9 13 12 34 30 46 35 49 50 14 42 37 6 36 39 38 19 3 45 47 28 29 4 25 24 22 32 31 41 21 7 26 15 27 20
49 20 1 9 37 5 11 7 31 40 24 43 48 25 21 17 26 35 2 4 28 15 22 45 16 47 13 50 41 36 33 44 3 23 30 39 34 46 18 14 10 19 8 38 27 42 12 29 6 32
12 18 8 42 19 14 13 20 35 29 1 17 15 2 46 27 34 36 16 48 40 32 4 45 5 43 10 38 50 41 49 6 11 39 7 25 21 23 31 26 44 9 22 28 33 47 24 30 3 37
13 12 27 28 9 10 7 37 22 20 42 29 36 25 43 46 16 33 26 41 17 34 40 5 45 8 23 18 14 31 2 39 1 19 44 6 32 3 4 15 11 35 24 38 30 21
25 31 32 41 22 15 37 8 23 19 4 11 6 26 20 42 29 7 34 21 33 9 10 38 14 16 13 39 3 1 36 2 40 18 28 17 24 12 35 27 30 5
15 28 13 47 18 23 14 1 7 8 48 17 31 34 24 25 49 50 2 32 9 44 6 5 29 22 30 33 16 36 35 4 3 12 40 39 21 38 41 42 46 45 20 19 11 10 26 37 43 27
1 16 4 35 18 12 19 23 9 29 50 42 44 11 25 37 5 45 31 43 14 36 6 7 34 26 17 2 41 8 20 46 49 10 30 28 48 27 40 22 33 38 21 39 47 24 13 32 3 15
18 37 36 8 9 49 15 2 1 7 6 38 27 14 30 35 46 3 4 5 33 32 31 42 41 40 39 34 47 48 10 11 12 13 50 23 26 25 24 20 21 22 43 19 29 28 17 16 44 45
4 3 2 1 38 30 13 42 37 12 26 35 9 50 17 11 20 33 29 24 34 19 47 18 23 46 43 44 36 8 15 39 27 49 10 16 40 32 25 41 28 31 22 48 14 21 45 5 6 7
49 37 26 23 25 9 12 44 20 45 35 7 17 31 10 29 42 43 22 18 50 40 28 21 41 4 39 27 30 48 34 15 33 5 19 47 11 32 46 13 14 16 36 3 1 2 6 8 24 38
13 11 6 5 4 44 48 1 30 49 12 45 2 46 18 33 31 15 10 3 8 35 39 29 19 40 25 16 24 22 47 41 27 7 42 14 43 17 26 32 34 9 38 37 36 28 50 23 21 20
3 2 1 5 4 6
25 49 28 34 45 32 23 31 14 48 10 30 24 17 38 6 40 27 29 44 50 37 13 42 36 47 5 18 12 9 16 3 43 39 8 20 2 1 35 46 7 19 26 22 33 4 41 15 11 21
16 1 45 38 34 8 2 40 7 50 46 42 28 5 22 19 35 37 47 3 25 26 12 31 39 32 48 21 43 11 44 17 41 15 4 33 24 6 13 29 36 27 14 18 20 10 23 30 49 9
7 21 20 34 25 6 32 29 17 24 2 50 5 16 19 48 42 45 26 3 44 8 11 13 18 27 41 47 43 30 49 38 12 4 46 1 40 35 14 31 22 23 36 10 37 15 9 39 28 33
23 45 9 31 35 12 19 16 29 28 15 22 20 30 36 34 8 18 47 11 21 17 13 7 5 27 42 6 50 1 14 49 40 4 25 37 33 48 24 46 39 41 2 38 32 10 3 44 26 43
5 39 12 28 24 47 45 37 29 8 1 26 27 23 49 48 11 14 20 2 46 3 31 17 32 44 34 19 4 36 15 18 9 6 33 50 25 42 43 35 38 16 30 13 41 10 7 22 40 21
11 7 6 5 12 10 4 2 1 8 3 9
33 31 32 20 16 36 4 15 19 11 6 35 30 25 1 8 49 22 37 18 39 12 46 13 14 44 24 48 26 9 43 5 7 41 10 38 2 40 50 34 17 3 47 45 23 27 42 21 29 28
23 31 4 37 19 39 29 33 10 38 46 26 16 24 25 2 20 27 6 8 41 40 21 18 15 48 28 34 12 45 43 17 14 7 3 30 32 1 5 9 44 47 35 22 13 49 50 36 42 11
39 34 48 23 17 6 50 46 11 22 49 42 12 9 1 47 28 19 21 43 38 8 14 18 44 36 5 2 10 26 33 41 3 7 29 32 30 13 20 16 27 40 35 24 4 45 37 31 25 15
50 8 30 3 26 1 48 35 15 29 19 39 41 42 17 47 49 11 13 6 44 9 12 38 14 34 46 21 33 24 16 43 40 28 27 32 36 5 18 37 4 20 10 22 31 45 2 23 25 7
36 11 26 46 19 10 49 21 17 6 3 37 34 29 16 35 25 47 7 12 44 38 15 4 27 23 20 24 30 42 40 22 45 9 33 39 31 2 43 48 5 18 41 32 13 28 1 50 14 8
19 21 2 13 30 8 10 23 15 14 26 7 40 39 42 47 41 35 3 46 44 49 24 45 1 48 11 34 37 32 29 18 17 50 43 33 20 25 16 22 6 4 5 28 36 38 27 31 12 9
46 21 13 50 26 12 47 41 35 16 25 42 30 19 18 45 24 20 27 14 3 8 7 49 43 40 22 48 1 44 6 38 15 37 36 39 4 17 9 31 23 28 2 11 34 32 10 29 33 5
29 11 27 25 8 33 50 38 3 16 19 39 1 20 4 43 17 12 13 31 22 34 45 9 32 18 21 41 36 6 5 35 23 47 7 48 28 24 14 26 10 44 15 2 46 42 30 49 40 37
9 10 6 12 2 4 11 13 8 3 5 7 14 1
9 16 8 17 6 18 2 12 15 20 11 13 1 3 4 7 19 14 5 10
9 10 11 4 12 1 3 5 7 15 2 13 8 16 14 6
34 36 21 27 40 39 38 22 23 25 18 31 10 12 8 29 33 16 4 26 5 24 30 2 11 28 20 19 6 7 9 17 15 14 37 32 3 13 35 1
31 38 14 35 13 46 2 49 36 29 17 15 40 37 45 3 24 9 7 43 42 1 10 18 47 21 44 8 16 28 22 27 5 12 39 11 19 20 4 32 23 41 25 48 6 50 30 34 26 33
13 40 3 49 27 2 38 23 45 5 10 21 46 28 39 4 48 31 36 6 14 41 33 26 37 11 20 25 32 35 44 19 18 50 1 30 22 15 29 34 7 24 12 42 9 8 16 47 43 17
34 33 6 7 30 43 14 35 22 38 27 26 25 21 20 19 39 40 41 42 46 47 48 13 12 11 10 9 8 18 17 16 15 5 4 3 2 1 31 32 29 28 44 45 36 37 23 24
37 36 1 2 3 27 26 25 24 23 22 21 10 9 40 41 42 8 7 19 20 49 48 43 44 5 6 18 17 30 31 4 50 35 34 33 32 29 28 45 46 47 38 39 11 12 13 14 15 16
20 32 7 6 37 9 10 11 13 14 22 26 25 24 38 40 39 41 23 50 30 5 12 21 19 18 17 31 43 45 44 33 1 28 27 4 2 3 16 15 34 36 35 8 29 42 47 49 46 48
25 24 18 22 8 2 46 38 13 42 40 36 7 45 5 48 23 49 11 1 35 43 3 29 19 27 6 33 4 50 21 39 41 20 10 44 31 32 37 30 16 15 47 14 17 9 26 34 12 28
37 13 46 40 30 23 27 20 32 16 44 21 3 22 15 41 28 12 8 29 36 14 9 24 1 33 45 48 34 11 31 10 18 7 17 47 4 2 19 42 25 39 38 43 5 6 26 35
7 35 29 39 33 40 41 15 45 11 42 24 44 17 19 1 25 8 36 37 43 13 20 22 34 9 10 38 12 16 32 49 4 47 23 30 3 18 50 48 27 6 21 46 26 31 2 5 28 14
34 25 30 20 27 49 18 21 9 40 24 23 38 35 28 1 32 11 2 44 8 31 4 3 7 19 48 29 26 33 14 36 47 43 39 15 46 50 45 41 42 17 37 6 16 12 10 13 5 22
19 11 37 20 49 8 34 15 10 42 17 5 27 46 47 43 4 50 38 6 1 39 24 3 21 30 13 23 45 48 25 36 44 14 9 12 22 2 18 35 33 40 31 26 7 32 29 41 28 16
8 14 29 7 18 24 47 38 25 22 34 40 1 41 48 19 23 16 12 50 21 43 39 49 26 6 11 27 9 30 33 10 2 4 28 5 31 46 3 45 36 42 32 20 17 37 13 44 15 35
36 30 32 24 40 27 48 16 42 6 43 49 29 19 39 10 7 23 11 20 13 1 34 5 12 37 38 9 14 25 35 46 8 41 2 3 4 18 31 47 21 17 33 15 26 22 50 28 44 45
5 3 6 4 1 2
32 10 7 42 46 30 33 26 14 45 20 27 38 41 47 15 44 11 1 13 24 4 16 31 17 6 39 23 2 36 22 34 9 29 40 50 48 5 8 21 43 12 37 28 18 19 35 49 25 3
5 3 10 12 11 2 7 4 9 1 6 8
17 18 21 22 2 3 8 7 6 9 23 24 10 5 4 1 20 16 15 12 11 14 13 19
23 6 20 43 46 34 26 7 47 18 5 40 38 24 27 2 10 13 49 14 15 36 12 8 29 33 31 45 1 32 17 42 50 21 39 25 4 48 3 28 41 9 22 16 37 19 30 11 44 35
44 39 7 35 29 15 11 40 22 28 36 47 24 49 25 17 5 43 23 13 41 20 27 12 16 46 19 10 34 32 14 45 33 37 3 1 42 8 30 2 31 4 6 18 50 21 26 38 48 9
2 39 12 7 38 22 33 1 23 4 21 47 20 6 27 34 10 44 17 3 43 30 14 28 48 9 29 37 45 41 24 11 8 50 49 13 25 35 5 18 15 16 46 32 36 26 40 31 42 19
5 37 6 10 8 30 49 25 36 50 7 23 24 16 9 15 13 11 46 34 42 18 20 41 19 40 4 44 31 2 39 14 22 45 1 29 48 38 33 35 3 12 28 26 17 47 32 21 27 43
10 37 36 40 39 38 22 35 46 27 43 30 14 19 11 6 5 1 2 3 4 31 32 28 29 21 17 18 42 41 45 44 48 47 23 24 20 15 16 12 13 9 8 7 26 25 33 34
31 17 22 21 9 46 18 12 1 43 16 47 2 28 6 14 33 3 50 49 20 36 45 27 5 42 44 11 38 13 41 4 39 29 24 23 34 48 7 15 35 25 40 30 26 8 37 32 19 10
23 45 37 11 36 14 50 4 43 7 27 38 28 5 30 47 3 13 10 49 25 26 12 6 35 31 18 20 29 33 22 42 24 8 41 1 15 44 16 40 19 34 46 21 9 39 2 32 48 17
2 8 4 6 1 5 3 7
46 6 35 4 20 29 49 36 22 45 31 26 32 39 50 3 1 2 15 38 44 14 10 27 25 43 9 34 21 8 41 7 23 5 11 42 28 17 18 40 37 24 16 19 33 48 13 30 47 12
6 13 8 7 11 1 2 3 4 10 5 14 9 12
5 33 34 13 39 46 49 3 1 48 31 19 42 21 11 50 20 17 29 24 10 32 28 47 6 40 22 16 15 30 45 23 25 43 14 26 27 12 7 44 35 2 8 41 37 18 9 4 36 38
3 6 7 8 1 2 4 5
11 12 16 13 9 8 22 23 24 45 48 4 10 7 3 40 36 20 21 14 15 18 29 28 25 32 31 34 30 27 26 6 5 1 2 19 17 35 47 44 43 33 37 38 39 42 41 46
9 28 1 16 25 7 18 38 34 45 46 40 15 10 26 21 17 42 13 47 39 36 32 19 48 11 33 20 12 29 50 22 4 27 2 49 30 23 43 31 44 35 8 3 5 37 24 41 6 14
10 17 9 16 11 13 22 12 21 7 25 26 6 5 2 8 24 15 20 18 1 19 4 14 23 3
14 5 10 16 8 13 15 6 3 9 4 2 12 1 7 11
41 42 23 22 11 38 39 40 7 8 4 3 2 34 35 46 47 26 27 28 29 25 24 20 5 18 17 36 21 10 15 9 13 14 6 19 30 43 44 45 31 32 1 48 37 33 16 12
27 9 36 41 44 34 43 8 23 46 35 45 16 31 37 14 30 40 1 29 47 25 5 17 19 26 6 48 18 12 13 20 33 3 28 38 15 7 2 22 21 4 10 39 11 42 24 32
9 42 14 15 3 47 30 20 39 18 4 49 46 16 25 27 28 34 23 22 41 26 43 24 17 37 44 48 19 12 35 38 2 13 45 33 8 21 31 50 5 10 36 29 11 7 40 32 6 1
12 40 27 32 42 17 48 10 30 31 4 5 36 11 22 20 38 8 26 25 45 43 47 44 41 15 9 24 37 50 7 28 34 39 21 1 3 33 19 29 14 35 46 23 6 49 18 13 2 16
42 6 41 43 46 20 45 29 36 44 21 13 4 18 47 48 7 8 11 9 10 40 19 22 3 5 28 26 17 16 15 38 35 33 34 25 24 23 49 1 2 32 31 50 30 27 14 12 37 39
10 34 11 42 21 23 48 6 7 44 9 29 46 17 15 31 2 27 4 36 13 32 19 45 50 1 43 24 49 25 18 35 30 5 33 38 39 12 20 47 14 37 16 3 28 22 26 8 40 41
35 44 7 36 10 1 11 27 34 37 18 42 29 20 15 13 33 4 50 39 32 8 46 17 26 49 30 19 28 25 14 3 45 41 12 38 2 48 16 9 31 43 40 47 23 21 24 5 22 6
18 48 35 5 39 24 12 49 6 15 46 8 43 23 17 50 27 19 37 32 9 33 16 41 14 25 4 34 45 13 42 40 7 36 11 22 44 38 10 47 28 20 29 2 31 3 21 30 26 1
10 2 4 1 9 5 7 8 6 3
35 24 40 19 28 4 37 11 31 18 2 43 39 14 46 23 29 22 32 3 45 38 6 27 9 26 50 7 8 44 34 5 42 25 47 41 12 1 36 20 33 16 15 49 48 17 10 21 13 30
12 10 9 11 15 17 16 18 23 22 24 1 6 5 4 3 2 7 8 13 14 19 20 21
50 1 38 23 24 9 34 28 3 33 26 19 21 14 45 27 30 7 46 13 37 40 20 29 4 41 31 48 49 6 22 43 47 32 17 16 25 8 12 39 36 42 44 35 15 18 2 5 10 11
43 48 15 39 1 27 44 7 14 11 19 28 40 25 8 5 35 21 29 2 23 4 47 37 41 3 26 33 46 18 42 24 22 30 9 10 16 17 32 12 6 34 31 38 13 45 20 36
11 4 8 12 3 14 18 6 9 19 5 17 21 20 7 1 13 22 2 10 16 15
4 43 20 18 12 23 1 22 16 14 40 37 21 46 48 30 24 25 27 38 26 42 19 9 44 15 5 8 31 7 36 32 17 6 29 2 34 13 50 33 10 3 39 35 45 49 28 11 47 41
11 22 23 30 25 18 19 14 15 16 17 29 24 7 6 5 3 2 9 10 12 13 27 26 28 1 8 21 20 4
16 26 21 27 18 8 41 43 24 33 1 36 12 45 19 44 20 3 34 46 35 25 42 2 17 11 38 15 31 7 4 49 28 5 39 22 6 29 30 32 23 47 40 14 48 13 50 9 10 37
50 25 17 19 32 29 22 20 24 26 21 27 30 18 28 31 23 10 3 13 6 16 43 41 40 33 37 42 47 39 46 36 35 48 38 45 44 34 49 5 11 9 14 1 2 8 12 4 7 15
3 27 34 14 41 25 30 7 45 8 18 50 32 43 12 16 47 33 38 4 28 29 42 24 35 23 22 21 44 36 37 15 6 46 40 9 13 20 10 17 26 1 19 11 5 39 2 31 49 48
38 20 11 40 44 22 33 10 18 48 21 1 6 28 23 25 16 47 27 17 26 3 46 32 29 13 49 39 42 37 41 9 19 43 30 24 45 50 15 36 4 7 31 14 2 35 34 8 12 5
6 38 25 29 10 5 17 18 11 32 4 33 35 34 30 23 26 27 28 19 12 13 40 14 7 8 9 36 22 21 31 20 15 16 37 3 2 39 24 1
41 5 24 50 37 21 45 43 36 35 42 32 29 2 11 33 12 8 14 46 40 22 20 39 34 23 7 13 31 1 44 4 49 38 10 9 47 17 25 30 48 18 6 27 28 15 26 19 3 16
10 17 11 49 48 37 1 8 25 6 46 2 16 14 12 38 27 44 47 4 3 30 22 18 15 20 34 23 36 42 29 41 28 9 45 26 35 7 19 31 5 33 24 39 40 43 21 32 50 13
39 11 1 2 46 47 19 4 20 21 23 18 32 3 41 50 28 29 17 35 36 38 27 15 37 48 40 43 5 42 16 22 45 24 30 6 49 31 44 10 13 9 8 26 34 25 7 33 14 12
2 9 13 12 11 10 7 8 4 3 18 17 16 15 14 6 19 20 21 22 23 24 1 5
35 10 12 18 5 31 36 17 16 9 46 33 41 15 19 26 32 29 23 14 7 4 30 20 2 21 45 28 38 37 47 50 22 8 13 40 3 25 43 44 39 11 1 48 6 42 49 24 34 27
31 29 20 4 35 12 1 43 34 7 32 19 46 33 8 41 42 45 15 26 37 10 38 40 24 6 23 17 5 2 21 49 13 50 3 16 9 44 25 39 27 30 48 18 36 14 47 22 28 11
3 5 9 8 6 1 7 10 2 4
35 48 40 22 24 3 26 46 13 21 38 41 8 12 25 27 5 23 20 31 42 9 18 4 30 39 50 2 17 29 16 15 45 37 49 19 6 10 32 34 36 11 47 44 43 7 33 28 1 14
31 18 32 28 4 3 2 1 44 48 47 29 34 33 37 36 40 25 26 12 5 46 27 43 19 30 35 22 6 14 15 23 8 7 45 41 42 16 10 11 38 39 9 13 24 20 21 17
46 27 26 25 24 18 13 45 22 23 48 47 30 32 33 3 43 44 12 11 34 37 10 9 8 40 38 14 15 29 28 2 1 19 20 17 16 21 42 41 6 35 36 4 5 31 7 39
7 4 1 5 8 3 2 6
8 5 36 33 27 26 35 34 6 4 50 40 19 14 17 25 48 42 3 37 28 24 41 32 30 49 47 29 1 44 15 7 22 10 11 16 43 9 23 45 39 18 46 20 13 21 38 2 12 31
3 1 45 18 34 33 39 40 12 11 35 36 37 38 32 31 29 22 14 20 21 6 4 5 7 26 25 44 43 42 41 15 13 46 47 48 2 16 17 19 24 23 30 10 9 8 27 28
4 13 29 14 19 27 47 6 39 3 22 11 9 10 15 5 37 31 40 23 1 32 7 26 49 16 41 36 46 34 12 8 30 21 35 48 25 44 28 24 38 33 20 50 18 2 17 45 42 43
4 3 5 2 1 6
3 28 31 37 8 43 18 24 44 38 35 40 30 1 19 22 26 9 12 4 5 7 21 23 27 11 6 45 14 39 25 17 33 36 29 20 15 2 16 10 34 46 13 42 32 41
36 37 47 48 7 8 4 5 6 44 45 46 27 3 2 1 12 11 10 9 15 16 21 20 41 42 33 34 31 32 39 40 29 28 30 19 18 17 13 14 38 35 43 22 23 24 25 26
6 16 48 38 22 4 23 32 24 45 35 20 7 44 49 15 33 9 50 12 42 8 36 5 28 3 29 37 2 26 25 47 41 10 1 31 14 11 46 27 21 34 40 18 30 17 13 19 39 43
23 43 36 5 2 27 37 20 18 12 29 25 15 28 16 10 44 40 49 32 46 8 7 47 6 3 1 13 19 45 14 35 42 30 38 41 17 9 48 31 4 22 50 39 34 11 33 26 21 24
18 1 36 32 45 26 7 20 43 3 4 19 14 44 41 15 34 2 24 49 28 31 13 29 6 30 40 35 27 17 9 16 47 38 22 8 33 12 46 48 50 25 39 42 11 37 5 21 23 10
1 4 2 3
9 22 20 26 11 15 21 2 8 19 5 16 10 4 1 7 17 24 25 23 18 3 12 6 13 14
45 20 38 50 43 5 31 1 41 7 42 12 48 4 37 15 36 10 16 49 24 35 28 17 19 13 29 6 30 27 22 25 11 33 2 9 44 14 34 40 18 46 3 39 32 47 23 21 8 26
31 39 43 9 5 45 8 47 14 1 22 37 35 24 15 30 20 21 12 10 19 38 16 27 3 33 11 48 50 13 7 34 6 40 44 49 4 32 42 29 46 41 17 36 18 2 23 25 26 28
20 32 44 8 1 37 46 11 34 7 10 39 3 24 38 45 19 31 29 5 43 22 50 14 35 26 9 4 27 41 12 25 49 16 21 40 47 2 17 30 23 15 36 48 33 18 6 13 42 28
38 23 46 26 9 29 25 49 12 30 7 19 48 42 8 43 10 47 17 27 45 5 16 22 39 11 41 13 50 15 20 14 2 4 28 31 6 37 18 44 32 36 33 40 35 34 21 3 1 24
15 30 8 22 9 37 43 17 41 3 42 44 29 27 48 39 31 14 25 34 5 16 11 13 6 23 12 20 1 35 19 38 4 33 36 28 24 49 40 32 46 47 45 21 10 2 18 7 26 50
18 24 17 26 4 19 9 40 8 28 13 5 12 39 36 20 31 43 22 47 35 49 14 2 44 27 7 41 45 10 42 34 15 16 6 38 46 1 30 21 23 32 29 50 25 11 33 37 48 3
8 4 3 10 17 21 2 31 9 13 18 7 32 28 29 25 1 5 12 16 15 26 20 24 23 37 33 34 41 42 47 48 44 45 46 27 22 11 38 6 43 14 30 19 35 36 40 39
7 1 4 5 10 23 25 2 15 6 12 11 8 16 3 9 26 24 21 18 22 19 20 14 13 17
3 1 5 4 2 6 12 9 14 13 11 8 7 10 15 16 17 20 21 22 26 25 48 45 35 34 38 37 36 29 32 28 27 24 23 18 19 30 31 33 43 40 42 41 39 44 47 46
18 11 10 4 12 15 3 16 2 9 17 14 6 13 5 1 8 7
3 8 30 45 32 24 12 7 29 17 47 13 10 14 31 20 1 48 2 19 28 41 16 23 46 27 4 37 18 44 43 25 35 9 49 22 21 50 39 36 6 15 42 26 5 11 40 33 34 38
29 27 33 17 23 41 15 25 45 22 42 13 37 11 32 31 44 34 40 19 30 7 9 8 2 16 14 4 6 1 43 36 49 24 48 46 50 5 47 39 28 12 26 18 38 20 21 10 3 35
22 21 29 30 48 1 2 36 37 11 12 31 32 9 18 46 47 19 20 26 25 23 24 42 43 5 4 3 39 38 10 44 33 15 14 45 28 27 6 7 41 40 8 13 35 34 16 17
30 48 22 40 50 8 39 37 11 3 35 16 2 4 5 34 17 6 15 38 27 19 43 33 25 41 1 49 47 36 18 12 46 26 14 21 32 13 9 45 23 42 29 44 24 28 31 20 10 7
17 15 47 11 46 41 5 13 3 39 18 23 14 16 7 21 33 27 8 38 48 9 43 24 37 2 12 10 19 28 42 25 22 4 45 35 31 40 1 32 36 44 30 34 29 6 49 20 26 50
4 2 6 1 5 3
34 9 37 33 27 8 38 11 3 1 43 5 31 49 4 28 40 30 21 15 32 13 6 29 50 10 42 12 44 19 41 18 48 2 7 45 39 47 17 46 26 25 22 36 20 35 24 16 14 23
4 2 8 5 7 6 3 1
50 42 47 6 5 46 14 13 3 4 40 41 33 34 35 22 23 24 25 17 16 15 10 11 12 28 27 7 8 9 20 21 26 38 37 36 32 31 19 48 49 29 30 39 43 44 45 18 2 1
33 34 7 31 14 25 24 23 30 19 16 32 2 27 29 20 11 6 35 26 13 17 4 9 36 28 15 8 21 5 10 22 12 3 18 1
13 9 28 2 12 11 25 24 30 35 5 46 18 6 47 20 42 22 21 39 43 16 26 38 4 14 23 19 8 45 7 33 37 3 29 15 32 27 31 17 40 36 44 41 48 10 34 1
1 17 12 25 26 15 9 48 37 8 45 44 43 50 39 32 38 10 31 27 21 16 24 36 29 46 49 7 40 30 5 6 13 33 23 47 35 34 4 41 18 20 11 42 22 14 28 2 19 3
3 2 1 14 13 12 8 7 10 9 11 16 15 5 6 4 18 17
40 15 17 39 30 36 7 1 6 43 16 42 49 20 41 38 12 29 28 27 48 10 21 9 46 18 5 11 45 23 2 32 26 50 44 14 34 35 24 33 13 22 3 8 37 19 31 47 4 25
4 23 38 32 7 8 2 16 1 26 17 28 25 30 24 34 6 42 20 39 29 13 11 49 50 44 22 48 9 45 43 40 18 3 47 35 46 14 41 36 33 10 31 12 27 19 37 5 21 15
23 17 37 21 43 30 50 7 19 39 47 1 49 22 4 42 24 6 27 41 8 9 31 32 13 2 26 44 14 25 45 38 10 5 36 16 40 28 11 3 46 18 33 15 35 20 34 12 29 48
46 37 32 8 25 30 12 3 15 44 10 19 4 33 1 45 23 24 36 39 18 20 28 35 42 14 26 22 27 7 40 29 43 34 31 11 21 5 9 17 13 2 38 6 41 16
22 21 19 39 3 16 2 23 33 7 13 43 37 29 31 15 42 14 44 24 30 46 18 12 41 38 17 10 8 28 27 34 32 6 20 26 1 5 35 4 36 9 25 40 11 45
50 22 29 45 5 18 49 2 42 21 33 3 20 44 24 40 43 26 13 11 8 39 15 34 14 23 47 41 31 7 1 35 30 4 16 6 48 9 12 17 38 32 25 28 10 27 46 36 37 19
10 18 41 24 11 39 48 34 4 15 7 1 50 3 33 29 35 30 12 46 31 27 37 45 25 28 9 21 44 36 5 2 20 16 47 19 6 23 8 32 17 38 22 40 13 43 14 26 49 42
12 10 5 4 1 2 25 23 18 22 21 20 14 13 17 16 3 8 11 19 9 26 24 7 6 15
11 18 25 30 24 22 17 28 20 29 8 27 14 3 19 13 26 16 1 10 23 7 12 9 6 4 2 5 21 15
26 27 34 35 36 25 21 20 30 19 8 9 7 15 4 6 5 13 24 14 17 18 16 43 44 23 22 32 33 31 42 40 41 11 10 12 1 2 3 37 38 39 29 28
4 33 8 37 11 14 25 10 42 50 46 49 48 27 47 1 35 36 6 41 16 19 40 9 21 7 12 28 43 2 3 24 44 18 31 26 17 29 34 22 23 30 38 20 39 15 5 32 45 13
24 1 47 50 35 22 32 39 2 9 43 25 18 7 29 5 42 13 49 6 8 48 27 3 44 30 17 26 38 41 31 19 45 14 28 16 40 21 20 33 37 12 23 10 15 46 4 11 36 34
9 45 50 16 24 42 30 2 4 41 39 38 26 31 13 21 35 3 15 1 14 20 7 25 6 22 29 36 44 8 17 33 28 23 46 37 10 18 34 12 5 11 43 47 48 40 49 32 19 27
41 31 39 22 46 25 21 47 28 15 9 16 37 1 24 34 8 33 7 18 45 44 36 49 27 11 30 17 50 29 26 20 14 38 3 43 4 48 13 10 5 6 23 35 40 42 2 32 12 19
20 21 11 10 1 3 36 44 34 49 37 23 32 17 50 13 14 45 25 29 22 35 19 8 6 5 26 12 47 9 48 2 18 27 30 46 38 43 15 31 39 42 24 7 33 28 40 41 4 16
37 1 29 26 6 4 10 24 8 47 2 11 50 23 27 30 16 39 25 36 33 48 42 7 49 21 14 35 12 34 9 13 32 45 17 18 22 38 19 3 40 15 5 44 28 31 46 41 43 20
33 40 19 43 37 42 48 20 3 10 41 9 27 44 4 15 11 8 38 39 6 22 12 47 26 25 31 46 14 36 32 45 17 34 35 2 5 18 28 21 30 16 1 7 23 13 24 29
4 28 44 11 12 36 35 34 38 22 23 24 39 40 33 25 45 13 29 9 37 41 5 21 17 3 2 6 7 43 42 19 18 48 10 14 15 16 27 26 30 31 32 47 46 20 8 1
31 28 1 26 2 12 24 10 29 23 18 16 32 25 15 3 9 11 7 6 14 22 20 27 8 5 30 19 21 13 17 4
1 18 11 39 48 36 5 4 41 31 3 21 30 34 43 17 38 37 45 12 2 19 47 32 46 10 6 23 44 27 16 20 42 35 40 8 25 50 49 29 9 22 26 33 13 24 28 14 7 15
12 5 3 1 7 13 2 11 16 6 14 10 8 9 15 4
8 24 20 9 22 1 12 2 23 13 21 17 4 14 3 6 26 5 11 16 19 15 18 7 25 10
