26 2 28 5 14 33 17 24 23 35 36 39 44 29 8 48 40 16 32 30 41 42 37 19 7 9 47 1 11 22 6 18 31 13 34 15 46 3 4 43 25 21 12 27 38 10 45 50 20 49
42 11 19 32 14 29 17 50 9 49 16 48 10 47 24 35 2 46 3 41 25 38 4 30 20 37 6 43 12 34 22 45 18 39 15 31 5 33 13 36 8 26 21 27 7 28 23 40 1 44
17 43 2 42 21 49 15 39 22 30 5 29 7 1 19 32 25 31 13 36 8 28 6 47 26 46 16 45 10 33 11 50 23 44 3 40 4 27 14 41 24 35 12 38 18 37 9 48 20 34
28 18 4 32 7 42 20 23 22 26 45 48 21 16 34 6 41 27 10 24 1 33 44 12 5 35 8 31 9 19 11 29 30 38 40 47 17 13 49 3 25 15 50 36 43 39 46 37 2 14
37 36 3 44 7 15 24 32 21 28 43 6 27 20 11 10 29 41 38 22 12 16 13 42 19 47 49 23 4 17 34 30 46 26 48 31 35 5 8 1 14 40 50 25 2 39 33 18 9 45
7 3 8 12 15 4 5 6 14 16 13 1 2 9 11 10
23 24 22 36 13 50 35 45 8 10 37 47 1 4 3 38 29 34 5 27 26 39 11 31 20 21 15 48 41 42 12 19 14 30 2 17 7 40 28 44 6 16 9 46 33 25 18 43 32 49
12 39 20 10 28 6 21 1 46 41 18 9 3 13 15 7 33 24 11 48 40 22 45 19 17 26 38 35 47 2 25 42 32 8 44 27 31 30 43 49 23 34 16 36 14 50 37 4 5 29
30 2 1 3 4 5 6 7 8 9 10 11 12 13 14 15 16 17 18 19 20 21 22 23 24 25 26 27 28 29
50 47 46 48 37 39 33 34 27 35 30 32 28 41 21 24 17 18 9 16 14 13 7 8 15 4 3 1 2 12 11 10 6 5 20 19 25 22 26 23 29 42 38 44 31 40 36 49 45 43
3 1 4 2 5 6 7 8
25 29 8 33 32 23 18 27 49 17 10 37 22 39 42 26 2 20 38 45 46 34 47 9 48 30 44 28 35 16 31 1 41 40 24 5 36 11 13 19 21 12 14 7 43 50 6 15 4 3
34 14 13 26 21 49 33 16 5 31 15 20 8 42 44 39 9 45 6 32 43 40 11 10 41 24 18 2 38 3 19 27 12 1 22 36 23 29 50 25 30 46 35 4 48 37 28 17 47 7
24 3 34 39 33 48 26 44 15 9 10 20 47 23 49 30 27 29 12 7 17 6 22 31 35 8 18 45 50 14 13 21 40 43 25 16 4 38 37 19 11 2 36 46 28 5 1 42 41 32
33 35 40 13 3 8 45 46 24 29 42 47 32 9 1 19 50 6 49 31 23 30 10 48 21 26 14 7 17 44 27 38 12 5 15 39 25 22 20 41 2 4 36 37 11 43 34 28 18 16
12 22 13 35 17 42 15 48 24 33 8 16 49 6 38 36 40 21 46 26 10 43 34 9 28 37 44 1 4 3 32 29 45 23 14 19 47 31 27 11 7 5 30 39 50 25 2 41 20 18
31 40 8 22 5 15 32 12 16 23 6 28 49 34 13 19 30 17 45 10 25 3 36 2 39 43 18 29 47 24 11 46 21 48 20 33 50 9 42 4 41 7 14 37 44 35 27 1 38 26
47 6 5 4 48 1 2 3 23 43 42 41 40 44 45 46 39 11 10 9 8 12 13 14 7 19 18 17 16 20 21 22 15 31 38 37 36 32 33 34 35 27 26 25 24 28 29 30
1 6 2 5 3 4
25 42 22 32 2 16 41 4 39 50 27 45 34 14 5 21 17 10 36 15 43 28 48 49 24 7 8 37 44 13 29 12 33 1 30 23 20 47 40 18 6 31 26 38 9 11 3 35 19 46
4 19 42 35 28 12 10 18 40 5 1 44 34 24 38 15 46 16 43 36 6 33 27 20 48 37 7 49 30 23 2 39 8 22 31 9 14 3 26 29 32 25 17 47 21 13 50 11 45 41
43 4 18 36 19 28 21 41 10 16 3 42 9 1 39 30 2 44 8 37 13 22 40 11 25 31 15 24 29 14 12 17 32 6 34 7 23 5 26 38 20 27 33 35
50 49 48 47 46 45 44 43 42 41 40 39 38 37 36 35 34 33 32 31 30 29 28 27 26 25 24 23 22 21 20 19 18 17 16 15 14 13 12 11 10 9 8 7 6 5 4 3 2 1
23 10 5 25 2 15 6 12 21 22 18 20 14 13 17 4 1 7 24 26 9 19 11 8 3 16
14 17 5 13 12 10 2 3 1 18 20 6 15 19 11 16 8 4 9 7
41 23 36 32 47 4 46 33 38 8 1 40 27 39 31 15 24 3 43 7 37 28 44 9 19 29 49 35 17 21 2 48 25 18 26 14 5 42 45 30 34 11 6 13 10 12 50 20 16 22
40 3 15 46 10 18 26 30 35 50 28 14 25 33 31 12 7 45 32 16 24 20 2 13 8 27 42 44 43 47 5 49 48 9 6 36 21 37 34 4 41 17 23 38 11 29 1 22 39 19
36 17 5 18 35 14 13 28 38 34 25 43 45 24 39 27 9 31 11 3 20 40 4 22 12 19 37 44 46 15 26 33 2 48 47 29 8 7 10 42 23 32 49 16 41 6 30 21 1 50
43 14 46 9 30 21 18 1 39 41 2 45 31 6 44 16 11 34 3 28 12 49 17 25 36 4 23 42 8 50 48 35 32 13 27 15 10 29 7 5 38 26 20 37 24 19 40 33 22 47
5 3 26 32 39 29 38 1 34 13 9 17 22 25 37 46 41 35 8 11 45 20 27 19 44 40 33 36 28 31 12 23 50 24 6 49 48 42 7 14 43 21 16 30 47 15 10 18 2 4
40 2 39 17 1 9 31 18 20 32 43 25 44 35 38 4 22 21 6 10 49 45 12 30 47 36 14 7 16 3 5 19 24 27 34 11 50 13 8 42 15 26 37 29 41 28 48 23 46 33
34 33 36 37 40 39 38 43 42 41 44 45 48 47 46 30 31 32 29 28 25 26 27 22 20 21 24 23 15 16 17 18 19 35 14 12 13 11 10 9 8 7 6 4 1 2 3 5
23 21 24 18 11 20 47 6 48 33 45 3 14 5 44 13 22 32 17 39 34 25 40 9 1 4 29 27 12 35 10 43 42 30 49 38 16 41 26 28 7 36 8 31 37 19 46 50 2 15
12 29 16 44 4 34 25 22 49 26 7 27 9 19 28 33 6 8 48 1 41 38 18 50 32 43 37 20 14 47 23 13 11 10 5 46 24 21 35 39 45 15 30 36 31 2 17 3 42 40
36 49 39 11 50 7 16 12 2 3 37 18 33 9 34 15 32 29 30 1 42 8 4 23 24 43 19 46 31 10 48 28 21 35 26 41 40 13 47 20 45 6 25 14 38 17 5 27 44 22
12 16 15 10 9 13 14 43 44 48 47 42 41 45 46 30 29 25 26 31 32 28 27 11 19 18 17 21 20 24 23 22 38 39 40 36 37 33 34 35 6 5 1 2 3 4 8 7
2 9 4 13 5 3 10 11 15 14 1 12 6 7 8 28 39 18 40 22 47 31 46 27 16 24 30 49 42 25 34 33 29 36 43 32 45 44 21 23 38 26 41 50 17 35 37 20 48 19
9 10 1 2 3 4 5 7 6 8 11 12 13 16 20 14 15 17 19 18 21 22 23 26 28 29 27 25 24 30
34 30 49 3 10 14 40 44 38 24 22 16 39 43 35 13 12 15 31 47 37 19 7 17 45 32 28 8 9 21 27 26 33 5 18 50 48 11 25 41 46 6 23 20 29 36 42 2 4 1
31 30 20 35 14 42 4 1 3 29 34 24 6 15 44 22 12 13 43 16 33 41 2 5 36 46 39 40 17 23 27 8 48 7 21 50 38 45 10 26 18 19 11 9 47 37 32 25 28 49
49 6 1 12 2 35 38 37 40 33 36 15 18 13 16 7 8 45 39 42 25 34 31 32 23 28 11 44 41 46 43 50 27 10 5 26 21 24 9 14 3 4 22 19 20 17 30 29 48 47
38 12 2 25 10 45 39 27 5 17 31 23 19 7 50 34 44 14 11 36 9 8 43 42 48 16 13 41 26 28 1 6 29 22 18 24 4 15 49 32 47 21 3 33 30 35 40 20 46 37
27 10 43 38 48 50 25 19 30 1 42 15 20 16 28 34 37 22 31 17 33 29 9 32 13 46 14 11 7 2 36 6 45 44 41 35 8 3 24 47 26 12 49 18 40 5 39 4 23 21
9 4 6 2 1 5 8 10 7 3
34 31 37 9 2 10 38 32 39 8 50 44 14 19 13 48 41 43 17 49 47 30 22 29 23 27 21 26 24 25 28 6 1 4 40 16 11 15 35 33 36 7 3 5 46 42 45 18 12 20
25 31 30 32 50 43 5 11 1 14 18 40 37 26 33 19 2 10 17 22 12 9 34 45 39 38 49 29 16 42 15 36 4 21 28 41 27 3 48 24 13 7 20 44 8 6 35 23 46 47
49 10 45 14 43 23 7 31 2 3 16 26 25 5 34 15 32 22 8 30 46 47 35 13 24 39 20 21 19 40 29 50 18 9 28 33 4 1 17 27 38 42 48 12 37 11 6 36 44 41
9 46 8 3 38 19 20 39 47 25 35 43 34 10 5 26 44 11 27 24 22 29 42 7 36 41 33 30 1 31 28 49 45 6 32 2 4 50 48 37 21 40 23 18 12 13 14 15 16 17
42 37 47 12 11 7 25 30 44 28 9 18 3 27 6 20 10 34 22 23 26 38 32 13 33 50 15 8 19 2 4 43 16 5 40 48 17 1 21 45 49 24 39 35 41 29 31 46 36 14
25 27 39 32 5 40 18 9 3 47 41 49 42 1 31 36 21 2 17 48 30 38 24 50 33 20 19 43 13 4 11 29 12 44 28 8 23 37 35 15 10 7 6 34 22 46 14 45 16 26
37 48 12 36 49 29 32 45 41 6 35 38 24 3 39 9 10 31 46 47 15 25 20 42 21 4 5 7 27 13 11 40 30 19 33 44 17 18 14 2 22 8 26 23 1 43 50 28 16 34
13 16 29 47 40 33 6 14 39 26 11 43 44 42 18 19 28 15 3 49 30 5 45 12 27 46 17 10 31 41 2 32 23 22 34 21 20 48 50 24 4 1 38 9 25 7 37 35 8 36
9 41 28 6 27 34 38 13 35 46 19 11 44 33 37 40 7 23 17 12 10 25 39 43 21 36 4 15 22 48 32 2 47 31 5 16 42 8 24 20 18 26 14 1 29 3 50 30 45 49
10 14 3 20 13 11 15 5 22 19 17 16 9 21 4 8 2 12 18 6 7 1
15 16 12 11 10 9 13 14 30 31 32 28 29 25 26 27 22 23 24 20 21 17 18 19 46 47 48 44 45 41 42 43 38 39 40 36 37 33 34 35 6 7 8 4 5 1 2 3
42 28 47 3 39 11 2 30 8 15 37 24 20 6 31 16 49 43 40 27 19 22 34 25 4 13 26 46 14 21 29 45 32 36 44 48 41 50 10 23 18 17 9 1 35 7 38 33 12 5
1 2 4 3
2 8 5 9 10 1 7 6 4 3
2 1 6 7 8 4 5 3 9 10 15 14 18 17 16 11 12 13 19 20 25 24 28 27 26 21 22 23 29 30 35 34 38 37 36 31 32 33 39 40 42 41 46 47 48 44 45 43 49 50
39 10 16 31 47 41 35 38 5 44 23 17 19 49 1 9 50 2 40 26 8 7 37 46 24 3 28 34 13 15 14 32 11 42 33 21 27 48 4 45 30 36 20 25 22 29 18 6 12 43
3 31 19 39 34 2 5 25 8 43 21 13 47 40 41 44 6 30 7 12 26 29 14 48 24 28 22 18 9 10 32 50 42 36 33 46 45 1 49 15 23 35 11 17 4 20 37 27 16 38
33 29 38 14 12 36 45 43 1 15 9 41 35 28 4 21 7 49 27 26 2 13 22 46 50 44 20 3 6 30 42 18 11 17 37 39 40 16 23 24 48 34 10 19 8 32 47 31 25 5
15 4 2 11 30 35 45 14 37 39 32 42 19 3 22 31 21 29 47 48 44 1 18 17 41 40 36 9 34 46 50 7 33 6 10 28 27 8 26 13 16 12 23 49 5 43 38 24 20 25
4 2 1 3
26 1 9 42 3 50 24 36 11 12 17 45 48 6 10 22 33 14 47 21 25 38 15 35 46 23 28 49 5 34 39 7 19 8 30 13 32 40 31 4 43 20 27 29 41 2 18 16 37 44
45 44 43 42 41 40 39 22 21 20 19 18 17 16 15 14 1 2 3 4 5 6 7 8 9 10 11 12 13 38 37 36 31 32 33 34 35 23 24 25 26 50 49 48 47 46 30 29 28 27
29 33 8 37 40 10 2 39 25 17 15 4 3 11 32 35 5 28 12 7 38 36 30 27 14 23 22 9 31 18 26 34 1 24 20 21 19 13 6 16
20 2 4 1 3 5 6 8 10 7 9 11 12 14 16 13 15 17 18 22 24 19 21 23 26 28 30 25 27 29 32 34 36 31 33 35 38 40 42 37 39 41 44 46 48 43 45 47 50 49
40 11 1 38 10 45 18 49 39 33 31 37 34 46 26 27 20 2 19 3 43 30 22 41 14 32 35 25 9 15 47 24 13 50 4 42 6 5 23 44 29 7 12 8 36 17 48 21 16 28
35 50 36 22 31 29 26 14 7 32 40 48 11 8 16 5 20 4 3 28 44 17 1 49 18 38 27 6 41 42 37 23 43 47 45 13 34 9 21 12 33 10 15 46 24 25 30 2 39 19
9 3 10 7 2 5 8 1 6 4
5 6 7 8 12 11 10 17 13 14 26 33 29 30 31 32 36 35 34 41 37 38 39 40 44 43 42 49 45 46 47 48 1 9 2 3 4 50 15 16 20 19 18 25 21 22 23 24 28 27
45 11 13 7 18 22 14 30 6 34 23 9 33 4 20 35 48 44 1 26 2 27 49 31 36 46 29 10 8 15 21 3 40 28 38 24 17 47 37 25 43 41 42 19 39 16 32 12 50 5
7 8 4 5 1 2 3 22 23 24 20 21 17 18 19 46 27 26 25 29 28 32 31 30 35 34 33 37 36 40 39 38 6 11 10 9 13 12 16 15 14 43 42 41 45 44 48 47
9 4 3 11 12 15 8 14 16 7 17 2 18 13 10 1 6 5
21 5 11 4 17 20 7 2 1 28 14 8 27 25 19 16 6 12 18 13 10 26 3 9 24 22 15 23
8 37 36 25 38 28 31 10 7 33 34 27 6 18 23 32 22 3 15 1 24 2 4 35 40 19 30 11 21 14 20 26 5 12 29 13 16 17 9 39
28 38 6 26 3 47 39 5 4 44 42 34 1 45 2 11 19 29 46 7 30 13 12 24 10 36 33 16 14 20 8 41 50 22 48 40 25 17 43 49 37 23 31 21 32 35 27 15 18 9
10 3 46 38 14 24 36 47 13 30 5 35 34 26 27 17 33 44 4 41 23 28 20 2 29 16 48 25 45 1 37 8 15 40 9 49 7 43 42 19 39 31 18 6 21 11 32 50 12 22
19 1 2 3 4 5 6 7 8 9 10 11 12 13 14 15 16 17 18 20 21 22 23 24 25 26 27 28 29 30 31 32 33 34 35 36 37 38 39 40 41 42 43 44 45 46 47 48 49 50
32 40 42 23 21 15 28 48 3 11 27 41 50 12 14 4 35 34 37 18 25 45 43 30 22 7 10 39 38 49 6 20 19 33 47 44 16 13 2 31 36 26 9 17 1 29 46 5 24 8
17 45 34 32 16 27 15 46 36 13 35 22 25 33 14 10 40 4 7 41 48 18 38 3 11 31 5 21 23 29 39 6 26 20 42 47 8 49 24 9 44 2 28 37 19 50 30 1 43 12
35 37 46 45 47 17 26 15 28 12 18 9 48 8 24 21 43 50 49 11 29 40 5 34 25 32 10 30 27 3 7 38 6 22 13 16 2 42 31 23 1 4 20 19 36 14 44 33 39 41
26 46 12 49 24 11 47 38 39 3 16 43 30 19 20 40 8 9 6 44 17 29 18 7 35 31 41 25 13 50 2 14 37 45 4 32 33 28 1 23 48 5 15 27 42 21 22 10 34 36
6 8 16 27 36 33 26 12 42 10 14 23 22 44 3 20 35 29 2 31 48 50 49 38 39 19 13 21 43 41 25 32 17 34 40 46 9 5 18 24 30 47 45 11 7 28 37 1 4 15
30 1 2 3 4 5 6 7 8 9 10 11 12 13 14 15 16 17 18 19 20 21 22 23 24 25 26 27 28 29
5 4 8 7 6 50 2 3 9 10 15 19 13 12 11 16 17 18 14 25 20 21 22 26 27 28 24 23 29 30 32 31 36 37 38 35 34 33 39 40 43 49 1 45 44 48 47 46 42 41
11 24 34 45 32 8 7 29 50 23 38 17 21 25 33 31 4 48 19 41 2 9 12 39 14 1 16 30 47 49 35 37 10 3 44 6 26 13 20 42 22 27 46 36 18 40 43 15 5 28
2 5 6 1 3 4
3 35 49 25 47 42 39 2 22 32 30 29 44 1 11 24 31 17 40 16 4 37 7 20 41 21 18 36 34 14 12 8 23 45 19 48 33 13 46 28 26 15 43 6 38 27 9 10 5 50
41 33 26 4 31 2 19 39 21 23 8 14 3 38 50 28 5 11 34 44 43 42 22 6 13 49 36 17 46 29 1 15 27 18 24 30 9 32 45 47 48 16 35 40 25 7 37 12 10 20
18 16 2 3 1 17 26 4 32 12 24 21 14 20 22 27 23 31 10 13 11 15 30 28 8 9 5 29 6 19 7 25
31 42 40 45 15 34 50 25 13 37 48 44 30 39 49 47 14 9 36 16 29 46 18 6 38 1 19 27 41 11 4 35 12 8 26 32 5 17 43 22 20 21 2 7 24 33 3 23 10 28
3 2 1 5 4 7 8 6
25 35 27 33 4 40 32 48 36 38 50 8 47 2 23 37 3 39 1 20 43 29 12 9 19 16 46 42 45 17 41 13 5 49 18 7 6 15 11 26 34 30 28 22 24 21 14 10 31 44
5 44 35 2 29 16 14 33 10 39 1 37 4 19 28 38 50 17 3 36 47 34 23 22 42 25 11 6 30 20 15 41 48 9 18 13 26 40 45 21 49 27 12 31 43 8 46 24 32 7
36 27 24 28 49 9 45 1 8 41 42 12 5 44 30 7 46 16 32 13 47 22 26 2 48 40 19 11 33 3 17 38 37 21 31 29 14 10 43 15 35 18 6 25 50 34 23 4 20 39
30 4 23 15 36 18 2 24 3 29 43 25 35 38 44 41 1 5 14 45 9 50 16 22 31 20 46 27 40 10 28 26 21 13 7 17 12 49 47 19 42 48 8 11 37 32 33 34 39 6
14 13 12 4 5 10 11 9 8 7 6 15 16 3 2 1
9 10 2 7 4 3 8 5 6 1
1 2 3 8 7 6 4 5
8 6 4 3 7 2 1 5 10 9
28 46 34 30 13 44 17 48 12 42 27 4 9 21 8 14 16 20 10 5 19 2 24 45 40 32 18 36 33 11 31 38 6 7 1 23 41 15 47 37 35 43 29 22 25 3 39 26
36 4 50 14 10 9 40 2 37 1 26 43 49 24 3 23 46 38 6 27 30 25 19 28 17 31 48 5 16 7 42 41 45 18 8 34 15 35 44 32 39 20 21 33 11 13 12 22 47 29
49 50 47 44 45 48 46 43 40 39 42 41 38 37 36 33 35 34 31 30 32 29 27 28 25 26 24 21 18 20 17 14 15 12 11 8 7 4 2 1 3 5 6 9 10 13 16 19 22 23
19 7 12 20 3 22 32 28 13 11 45 48 40 42 9 44 43 21 26 6 15 30 39 4 2 35 17 8 47 1 29 38 31 18 14 37 23 10 27 5 34 36 33 46 24 16 25 41 50 49
42 44 18 27 31 40 9 34 36 21 11 19 10 49 23 16 12 22 43 13 46 7 41 5 8 37 45 28 14 48 3 35 47 6 4 29 2 39 26 24 17 38 1 30 32 25 33 15 20 50
1 31 9 4 37 44 29 13 48 6 20 19 41 38 23 18 11 14 22 45 7 42 32 46 33 2 43 27 21 8 47 50 17 49 10 15 25 40 26 36 16 24 39 28 12 35 30 5 34 3
11 6 14 13 19 7 3 8 21 20 22 2 10 5 12 15 16 9 1 4 18 17
21 1 6 4 5 7 3 2 9 8 10 30 11 13 15 18 14 19 12 17 16 20 45 44 42 47 41 43 50 48 49 46 32 36 39 31 38 40 33 37 34 35 22 25 27 24 26 29 23 28
3 2 6 1 5 4
3 2 1 4 5 8 7 6 19 11 10 9 12 13 16 15 14 22 23 24 21 20 17 18
20 17 42 27 37 31 39 23 29 32 22 40 38 46 43 49 50 30 36 19 33 13 24 21 35 34 47 14 5 7 6 15 12 10 3 11 1 26 25 45 44 48 41 16 28 8 9 2 4 18
12 11 19 21 7 20 24 1 25 17 6 14 2 9 16 23 15 5 18 10 8 13 4 22 3 43 44 36 46 33 32 31 34 26 50 47 29 49 42 45 28 37 38 27 40 48 30 39 41 35
13 21 18 29 10 32 11 16 1 5 3 49 4 34 37 40 15 47 20 28 12 24 39 17 46 8 33 36 41 7 44 35 25 22 14 31 38 43 6 27 30 2 48 19 26 42 9 50 45 23
21 46 4 43 18 7 31 27 24 5 29 6 36 22 26 35 34 19 2 28 1 25 12 41 8 39 10 15 32 3 47 30 44 50 42 37 38 14 23 49 16 20 48 33 40 11 9 45 13 17
10 17 11 1 9 8 5 18 14 15 13 19 20 12 3 4 2 16 7 6
47 22 17 45 3 42 43 18 27 26 5 29 28 48 21 31 19 46 36 30 10 25 39 32 35 34 13 41 38 40 23 44 11 37 7 8 33 24 1 2 6 14 15 16 12 4 9 20
21 19 22 15 38 7 27 32 16 1 2 36 43 10 41 25 39 13 49 18 26 28 35 8 37 29 9 31 50 42 45 17 4 24 40 12 33 3 14 46 20 30 47 11 34 48 44 6 5 23
1 38 9 26 40 43 22 8 12 41 39 17 18 36 29 37 32 30 16 3 6 46 10 23 44 2 19 33 20 14 42 49 15 34 11 28 45 25 50 4 31 5 48 47 21 35 24 7 27 13
12 6 11 16 34 46 36 20 18 45 25 43 47 42 14 41 30 33 22 23 13 26 28 3 39 48 17 9 27 44 7 32 37 5 29 1 8 10 24 38 2 40 4 19 15 50 21 31 35 49
3 29 22 7 36 12 26 11 17 19 5 16 2 15 37 20 14 23 28 39 24 21 18 25 34 30 33 1 4 32 13 35 10 6 38 31 8 27 9 40
29 10 5 47 35 7 19 38 40 3 46 12 33 48 13 4 6 49 26 34 16 11 31 1 21 42 44 23 27 39 45 15 37 36 28 50 24 43 14 17 2 9 30 25 32 8 22 18 20 41
45 10 25 31 6 1 50 17 12 46 27 28 37 20 21 43 33 41 30 16 35 34 29 2 39 18 49 42 26 3 9 7 24 32 15 19 4 47 40 13 48 22 5 11 8 36 14 44 23 38
16 10 20 2 36 25 43 40 21 13 24 47 37 4 38 18 45 50 14 6 22 31 35 8 1 9 15 44 26 48 23 49 30 27 29 12 7 17 19 11 33 39 34 3 46 28 5 42 41 32
16 28 38 17 47 39 18 34 36 13 23 8 30 32 49 43 45 4 42 40 3 37 10 35 25 29 24 12 20 41 5 7 2 48 50 33 9 15 46 44 14 27 21 1 22 6 26 11 19 31
23 46 5 16 30 24 18 49 27 29 11 4 47 38 26 15 2 40 34 50 48 8 1 12 6 41 36 31 42 7 32 25 20 35 9 44 19 13 33 45 10 37 22 43 17 21 28 39 3 14
20 19 18 22 23 24 17 37 36 35 34 38 39 40 33 21 29 28 27 26 30 31 32 25 45 44 43 42 46 47 48 41 9 16 15 14 10 11 12 13 5 4 3 2 1 8 7 6
28 15 22 17 42 8 10 3 39 4 20 43 45 7 48 35 37 24 36 26 47 23 44 38 32 21 34 50 27 5 6 49 14 12 13 46 30 2 29 19 41 31 40 25 9 16 33 18 11 1
29 18 49 36 2 12 16 38 48 4 15 47 26 7 50 19 28 46 3 41 44 33 13 5 24 31 23 6 22 43 1 9 30 11 42 17 37 27 10 14 34 45 40 21 32 20 39 35 8 25
17 33 42 16 50 8 15 4 11 26 5 19 12 14 41 18 35 24 6 20 39 23 7 28 13 2 46 25 22 49 29 10 1 3 30 44 38 31 21 48 47 34 32 43 36 9 27 40 45 37
1 30 25 32 4 29 34 39 3 43 44 17 24 18 15 11 26 31 5 41 42 45 16 12 27 23 22 37 46 28 14 36 33 47 40 9 35 19 13 7 38 50 21 10 8 20 2 6 49 48
44 19 40 13 39 12 32 18 48 11 27 17 36 2 31 1 37 21 38 33 34 28 24 45 8 5 14 10 20 30 25 16 46 6 22 15 41 7 49 23 26 43 35 3 29 47 9 4 42 50
2 1 8 11 9 14 12 17 3 7 10 19 18 13 5 6 4 15 20 16
3 2 1 50 49 48 4 5 6 26 25 24 23 27 28 29 7 8 9 30 31 32 10 11 12 33 34 35 13 14 15 36 37 38 16 17 18 39 40 41 19 20 21 42 43 44 22 45 46 47
50 44 17 18 43 13 9 8 46 45 38 23 22 28 27 26 1 42 41 47 4 25 24 36 37 29 19 20 21 35 7 6 5 40 39 14 31 30 15 16 34 33 32 3 2 48 49 10 11 12
17 3 9 40 41 5 50 19 25 37 31 26 18 27 16 6 28 7 48 36 21 15 35 11 46 32 34 13 30 8 23 44 47 4 38 39 10 22 42 2 49 14 12 45 43 1 20 33 29 24
15 9 1 34 22 50 4 32 16 45 11 41 12 44 40 17 42 36 5 25 31 43 28 29 19 6 27 35 49 26 2 8 3 14 24 48 37 38 20 23 21 30 10 7 33 47 39 46 13 18
9 21 1 27 43 48 24 8 3 50 31 38 14 13 2 26 30 6 23 20 44 49 28 4 7 5 37 35 45 17 11 10 34 47 46 22 16 40 32 41 15 12 36 29 19 25 18 42 33 39
38 41 35 25 1 46 4 2 47 45 29 36 7 49 48 15 10 42 14 43 24 11 31 19 12 8 23 9 27 20 18 28 26 32 16 17 30 44 21 34 33 40 39 6 13 5 37 22 3 50
8 31 40 33 30 5 45 9 19 3 37 46 7 32 17 50 23 25 26 15 35 11 20 34 1 4 44 36 49 16 27 14 43 2 42 38 12 48 41 6 28 18 22 39 21 29 13 10 24 47
35 2 11 40 8 37 33 7 47 23 22 18 41 20 48 24 6 44 49 32 4 17 42 10 14 19 43 27 50 25 46 21 45 3 16 12 34 9 15 31 5 30 39 28 1 26 13 38 36 29
25 28 27 23 22 26 24 29 21 4 7 6 5 9 1 2 3 10 8 30 13 12 15 19 16 11 18 20 14 17 44 43 41 50 49 45 47 42 46 48 35 33 36 38 32 31 34 40 37 39
12 4 1 32 48 3 27 39 47 40 33 30 26 10 16 5 36 13 43 11 28 45 18 7 46 21 49 41 23 20 29 35 17 15 8 42 19 34 38 24 2 31 37 14 44 6 9 22 25 50
30 36 15 29 1 50 49 40 46 13 2 39 21 44 10 47 27 37 31 43 38 9 18 3 4 14 34 42 11 41 28 26 48 8 45 7 24 23 35 16 17 20 5 25 32 6 19 22 12 33
15 6 13 1 11 14 8 10 5 2 12 4 3 16 7 9
25 21 16 49 8 35 46 10 42 32 30 40 45 14 3 34 19 28 11 39 7 33 41 48 26 50 44 29 18 24 4 38 36 6 20 12 47 13 1 5 31 2 17 22 9 37 43 15 27 23
32 29 13 49 20 33 42 1 12 45 44 28 14 46 27 39 34 2 5 23 41 22 4 9 6 16 21 18 43 31 25 50 7 3 48 36 8 40 15 19 17 35 47 10 30 11 38 37 24 26
41 37 36 12 3 21 38 48 13 50 32 25 46 39 20 49 16 4 28 22 11 5 40 44 14 27 43 35 24 2 47 15 17 34 33 31 1 6 9 30 23 18 42 45 26 7 10 19 8 29
20 12 13 32 29 35 2 36 28 39 15 17 3 27 22 25 7 6 19 37 38 1 18 9 31 33 26 4 21 40 30 14 8 16 34 24 23 11 10 5
15 48 24 11 44 7 14 18 2 36 17 6 39 3 46 45 4 30 50 13 20 19 28 38 35 37 22 10 34 33 40 9 31 41 8 25 49 42 23 47 21 32 43 29 12 1 16 5 27 26
37 39 23 28 4 26 36 27 19 10 46 17 3 9 31 12 47 40 42 1 25 32 30 2 45 22 48 7 18 6 34 49 33 15 20 13 38 8 11 24 43 21 50 44 29 5 35 41 16 14
50 1 2 49 3 48 4 47 5 46 6 45 7 44 8 43 27 26 25 24 28 29 42 9 10 41 11 40 12 39 13 38 14 37 15 36 16 35 17 34 18 33 19 32 20 21 31 30 22 23
10 27 29 1 36 50 44 35 19 30 38 26 2 11 47 40 33 24 17 42 4 31 37 46 13 16 21 9 32 15 43 8 22 7 39 41 25 14 34 6 12 48 49 5 23 18 28 45 20 3
3 29 33 4 17 23 49 8 41 27 5 9 45 34 24 14 30 26 12 46 13 40 37 31 20 2 11 38 22 15 47 16 7 39 36 19 21 43 50 10 25 35 32 48 18 44 42 6 28 1
11 10 5 8 4 3 12 1 7 9 2 6
42 41 27 7 15 17 26 19 10 34 22 39 33 50 1 32 30 2 47 18 29 12 35 3 8 6 46 24 21 23 20 4 9 36 5 11 38 13 37 16 28 31 43 14 25 49 45 48 40 44
33 23 28 36 34 25 19 1 35 37 31 50 5 15 18 22 39 46 41 8 16 47 44 17 21 11 38 12 42 30 32 13 49 3 20 27 45 14 48 6 43 10 26 7 40 29 24 2 4 9
34 3 10 7 28 14 45 27 6 33 26 38 32 22 43 50 17 5 49 13 29 30 36 23 1 44 19 4 16 41 31 21 11 42 48 15 35 46 25 2 37 9 40 12 24 20 8 39 18 47
5 18 24 20 17 7 2 12 9 21 19 1 10 6 23 3 4 11 15 13 8 16 14 22
8 17 38 5 1 22 41 39 2 48 9 44 34 11 24 42 16 36 6 43 13 45 33 21 40 4 46 27 30 26 47 20 37 14 31 19 18 12 3 7 35 29 28 25 23 15 10 32
34 33 36 31 32 29 28 27 30 25 26 23 22 21 24 19 20 17 16 4 5 8 7 12 9 10 11 14 13 18 15 43 48 45 46 47 35 38 37 42 39 40 41 44 3 6 1 2
1 14 41 34 20 38 28 44 50 39 23 12 3 2 11 27 15 35 6 31 49 25 24 13 43 16 30 37 45 40 19 17 48 7 22 21 32 47 18 46 33 29 9 5 4 36 42 10 8 26
29 23 43 32 5 9 2 4 45 30 42 49 19 16 40 13 44 25 17 39 21 33 35 36 31 18 37 10 7 3 47 11 28 26 8 27 46 50 14 6 24 15 38 34 48 12 22 20 1 41
1 2 3 4 5 6 7 8 9 10 11 12 13 14 15 16 17 18 19 20 21 22 23 24 25 26 27 28 29 30 31 32 33 34 35 36 37 38 39 40 41 42 43 44 45 46 47 48 49 50
24 12 5 20 25 22 2 18 26 8 13 10 17 6 23 16 15 9 11 7 14 3 1 19 4 21
45 44 32 23 14 22 33 36 38 8 1 7 49 41 11 13 16 35 43 46 6 12 21 47 39 25 19 20 34 37 30 5 50 27 31 17 4 18 29 42 26 2 9 3 28 40 48 15 24 10
47 48 15 12 16 46 41 44 18 50 49 19 14 20 36 33 37 17 11 13 34 31 35 6 3 5 39 32 38 7 45 42 43 9 1 8 40 29 23 28 24 27 25 21 26 22 30 10 2 4
25 4 27 13 46 40 20 29 26 11 21 48 14 5 36 22 23 6 31 37 18 2 3 12 17 32 34 7 24 35 41 28 1 10 30 42 16 15 19 44 33 43 9 39 49 50 8 45 47 38
35 38 4 23 42 11 32 50 27 20 31 16 34 7 3 46 44 8 48 30 15 2 18 41 10 40 37 39 49 24 5 33 43 12 19 29 6 22 13 14 36 17 9 21 1 47 26 25 28 45
34 36 47 4 41 33 44 3 1 17 10 19 22 21 38 35 27 7 9 26 12 25 40 6 31 16 13 32 43 23 15 20 46 49 28 11 30 24 5 2 14 50 37 29 8 42 45 48 18 39
24 3 12 43 46 29 10 14 32 20 9 42 33 18 26 15 8 38 49 11 13 7 45 44 31 48 41 37 36 2 5 19 4 47 34 16 6 30 40 25 50 27 39 28 22 17 23 35 21 1
24 4 14 19 15 43 2 16 34 41 38 36 21 40 22 45 23 18 30 29 13 5 8 48 42 27 39 47 10 44 1 35 49 12 25 3 37 32 20 9 31 46 7 28 26 50 11 6 17 33
37 17 8 40 2 22 36 49 1 41 27 20 29 26 24 48 42 50 9 4 3 18 43 13 15 6 25 32 38 45 33 30 31 39 10 12 35 23 47 14 21 11 34 46 19 16 5 28 44 7
10 11 27 48 13 1 41 33 2 44 7 24 35 22 19 43 47 9 31 40 39 6 37 38 18 17 21 34 50 4 49 5 15 28 20 8 36 45 23 25 42 12 3 46 14 26 30 16 29 32
6 3 5 1 4 2
23 7 2 9 16 27 19 4 26 8 13 6 20 5 30 24 17 22 14 18 3 25 1 12 11 21 29 10 28 15
14 1 46 45 41 17 15 48 47 19 6 43 4 12 50 30 26 5 20 10 28 27 37 18 35 16 22 42 11 2 40 7 9 8 34 33 13 21 38 44 49 32 31 23 3 24 25 39 36 29
37 2 1 4 3 5 6 7 8 9 10 11 12 13 14 15 16 17 18 19 20 21 22 23 24 25 26 27 28 29 30 31 32 33 34 35 36 38 39 40 41 42 43 44 45 46 47 48 49 50
31 6 20 13 32 5 34 2 24 15 27 12 28 14 19 8 33 1 18 17 16 26 9 23 7 22 3 21 11 30 10 25 4 29
5 3 2 8 6 9 11 1 12 7 10 4
3 5 6 12 11 10 16 15 17 18 48 42 41 39 40 34 35 37 38 44 43 45 46 47 33 36 30 31 32 26 27 29 9 7 8 2 1 4 13 14 20 19 21 24 23 25 28 22
49 48 47 46 45 44 43 42 41 40 39 38 37 36 35 34 33 32 31 30 29 28 27 26 25 24 23 22 21 20 19 18 17 16 15 14 13 12 11 10 9 8 7 6 5 4 3 2 1 50
5 40 38 25 7 13 41 15 48 27 6 23 39 29 35 28 3 20 49 18 1 11 42 36 46 2 16 14 26 45 19 31 43 10 37 17 32 34 8 9 24 30 12 47 44 33 4 50 22 21
2 9 4 3 16 1 14 17 13 8 5 7 10 15 20 19 12 6 18 11
49 9 15 22 4 14 45 34 44 11 47 32 17 6 1 48 39 43 46 37 2 50 41 7 18 23 10 24 29 8 20 13 42 35 12 21 25 38 16 31 36 5 33 40 26 30 27 19 28 3
21 10 16 38 4 6 28 2 41 31 17 25 48 40 39 36 46 44 11 15 26 50 30 5 43 3 49 20 27 42 14 24 13 22 37 35 18 45 47 7 9 32 8 33 29 19 12 34 1 23
45 1 19 47 50 6 32 31 7 13 2 15 18 27 22 8 9 30 39 21 43 16 48 35 49 25 20 17 12 42 29 41 36 33 4 11 5 46 23 37 24 40 34 28 38 10 14 26 3 44
41 43 25 15 24 37 29 1 28 22 4 45 7 42 8 5 32 40 2 46 39 11 9 35 20 14 44 26 33 49 17 27 34 36 16 12 18 30 21 23 31 47 3 19 6 10 48 13 38 50
40 30 21 36 29 6 34 11 15 20 24 38 14 32 8 23 41 2 31 17 3 42 19 10 9 26 33 13 28 27 12 39 1 18 35 22 16 46 43 25 5 7 37 44 4 45
15 42 26 3 39 21 37 8 33 36 20 34 23 29 38 10 28 17 11 40 2 14 16 13 18 9 6 5 30 27 7 22 1 41 19 24 12 35 32 4 31 25
38 14 13 18 17 36 39 1 2 35 9 10 42 41 11 32 20 26 25 27 28 40 12 5 6 44 43 37 15 16 50 49 3 4 48 47 31 21 22 30 29 23 24 34 33 19 46 45 7 8
5 35 38 33 22 2 26 9 29 50 42 44 7 34 18 27 14 40 36 6 10 49 46 48 13 45 31 43 30 19 12 39 47 23 28 15 3 32 8 41 21 37 25 11 17 24 20 4 16 1
36 37 38 39 40 41 42 43 35 34 33 32 31 28 29 30 14 15 16 17 18 19 6 7 8 9 10 20 21 50 5 4 3 2 1 45 44 13 12 11 22 23 24 25 26 27 46 47 48 49
28 16 10 37 42 26 36 34 25 14 48 21 22 20 38 30 13 45 19 47 18 27 49 31 50 12 17 33 8 41 39 29 40 32 43 23 44 46 11 35 9 15 24 7 6 5 4 3 2 1
49 37 5 19 40 26 38 24 11 32 10 12 1 2 50 30 9 45 35 31 41 47 14 16 18 8 17 7 15 36 34 23 25 3 4 44 48 13 46 33 43 28 21 22 27 6 20 42 29 39
21 5 15 41 34 18 26 30 12 45 31 33 44 17 29 19 38 9 2 42 50 40 8 35 39 20 27 49 46 28 48 32 23 11 6 13 7 4 37 36 25 16 24 22 47 10 3 1 43 14
6 4 5 1 2 3
39 45 8 9 13 5 22 37 14 29 27 36 2 10 49 47 21 11 32 6 50 44 12 18 41 4 33 25 38 26 19 16 20 42 35 3 43 28 48 1 23 31 15 46 7 30 24 17 40 34
38 1 12 28 42 27 14 15 18 2 37 19 49 32 46 16 25 10 48 26 50 29 36 39 20 41 17 34 8 30 45 33 43 21 11 44 35 22 23 9 31 24 7 40 5 47 4 3 13 6
23 50 5 16 19 27 9 41 45 43 22 14 31 47 4 12 38 49 40 30 29 17 24 48 42 26 39 2 28 34 20 25 7 21 15 37 6 32 18 33 13 3 8 44 11 10 35 36 46 1
30 36 9 21 34 42 27 11 5 20 10 26 44 3 47 23 15 22 13 7 45 4 39 41 50 1 43 25 14 49 40 32 38 2 12 35 31 8 18 28 29 19 16 33 48 24 37 46 6 17
4 50 30 9 18 6 40 27 23 2 46 3 47 28 7 37 45 21 13 10 16 38 35 22 49 29 24 41 12 36 11 19 33 31 42 43 5 39 20 26 14 17 48 15 32 8 44 34 1 25
11 7 6 5 10 12 4 2 1 8 3 9
7 25 5 43 44 29 26 3 40 4 23 13 19 18 39 14 33 2 9 46 22 16 31 32 27 10 36 24 41 47 11 6 30 49 50 48 42 21 28 38 20 1 12 35 45 15 8 37 17 34
34 9 33 19 7 5 50 2 38 42 1 10 20 49 6 8 12 35 48 28 13 40 30 3 44 41 37 4 14 17 46 11 36 24 39 29 15 21 18 32 47 27 25 26 16 31 22 43 45 23
14 18 20 41 47 31 3 15 4 38 35 50 21 25 10 37 43 29 17 12 9 44 32 33 19 7 48 28 27 16 22 8 30 45 49 13 23 2 34 42 5 11 1 39 46 36 6 24 26 40
44 48 9 25 34 2 47 17 29 15 3 13 30 35 5 4 32 27 28 10 23 42 43 6 8 12 38 40 39 37 31 45 21 20 7 36 14 26 1 50 16 24 33 41 18 49 19 22 11 46
19 42 34 3 37 35 16 9 15 48 43 36 18 41 45 8 4 5 21 13 1 28 40 7 11 10 25 47 31 49 30 29 44 38 14 50 32 27 22 39 17 6 23 24 12 33 20 46 26 2
6 20 29 18 44 46 42 4 15 7 26 5 8 40 14 25 27 33 41 35 3 23 10 47 2 12 19 21 39 30 37 32 31 16 28 9 50 17 43 22 13 1 48 38 36 45 24 49 34 11
22 6 38 48 32 44 1 21 3 50 18 43 40 41 39 15 16 34 27 20 24 45 31 49 5 47 7 23 25 36 14 9 17 4 37 30 11 2 28 29 10 35 12 26 13 33 19 42 46 8
49 30 25 47 21 34 22 31 15 40 37 28 48 44 3 7 42 14 24 1 5 46 2 20 33 9 32 18 11 6 36 13 10 16 45 27 29 23 35 17 12 50 38 39 26 19 8 41 43 4
13 1 14 7 8 3 5 9 11 10 6 12 2 4
12 15 19 3 4 7 9 16 8 17 13 1 14 6 5 10 18 2 11 20
2 15 16 13 8 6 14 5 7 12 4 1 3 9 10 11
26 4 2 3 5 6 7 8 10 9 11 13 12 15 14 16 17 18 19 20 21 22 23 24 29 28 27 25 31 34 30 33 32 35 36 37 38 39 40 1
12 4 20 47 23 41 32 40 37 45 22 27 50 7 36 43 2 29 17 15 26 33 34 5 10 18 1 42 19 11 39 28 16 49 8 44 21 6 48 25 3 24 9 38 31 30 46 13 14 35
27 1 34 2 31 13 46 15 29 32 25 8 3 40 44 11 30 20 47 37 4 49 33 38 23 45 5 42 12 24 17 26 10 18 19 16 7 50 21 22 43 36 6 48 35 41 14 39 28 9
1 2 3 4 5 6 7 8 9 10 11 12 13 39 40 41 42 43 38 37 36 35 30 29 28 27 46 45 44 31 32 33 34 21 20 19 18 17 16 15 14 22 23 24 25 26 48 47
1 2 3 4 5 6 7 8 9 10 11 12 13 14 15 16 17 18 19 20 21 22 23 24 25 26 27 28 29 30 31 32 33 34 35 36 37 38 39 40 41 42 43 44 45 46 47 48 49 50
16 17 15 10 20 21 19 18 13 11 14 12 7 6 37 5 9 4 3 2 30 50 49 45 43 44 46 48 47 42 41 36 35 8 40 39 38 34 33 32 31 1 29 28 27 26 22 23 24 25
33 19 11 49 23 30 25 3 18 12 34 9 29 39 22 8 17 50 28 42 41 24 31 43 47 14 37 46 2 40 13 4 21 35 32 1 48 38 26 5 20 10 44 15 45 6 27 36 7 16
12 11 8 29 23 30 28 40 38 41 18 10 31 36 27 1 16 13 46 48 47 39 37 25 42 9 19 24 4 44 21 45 3 34 2 5 43 14 20 32 7 6 26 17 35 15 22 33
35 10 17 21 30 26 46 8 7 28 42 48 36 37 43 24 25 11 39 29 44 20 13 31 3 4 47 23 19 1 27 18 9 34 22 38 12 32 16 50 41 40 33 6 15 45 5 49 14 2
11 32 14 36 9 10 12 16 20 30 13 2 8 50 5 4 17 37 18 49 44 43 39 35 38 23 28 3 7 31 47 45 41 42 1 22 15 46 26 29 48 24 33 19 21 40 6 27 25 34
4 17 34 48 27 33 40 41 47 32 42 24 45 29 1 43 44 9 26 25 22 12 39 7 19 35 18 2 28 23 13 21 14 3 8 50 30 20 31 37 10 15 5 6 38 36 16 46 49 11
3 9 33 7 30 17 22 26 13 38 16 14 42 46 35 5 36 32 50 24 12 1 29 44 11 10 45 25 41 43 8 21 40 20 28 37 18 34 49 39 27 48 31 47 23 15 4 2 19 6
4 18 22 36 30 14 35 46 8 41 13 47 21 20 12 9 11 23 50 26 15 2 1 3 7 33 17 27 19 45 37 38 24 28 42 16 40 48 29 49 43 32 10 39 25 44 31 5 34 6
5 3 6 4 1 2
33 41 38 27 15 47 24 4 16 31 5 19 1 6 39 23 10 7 42 32 17 20 48 50 40 29 2 36 43 21 8 25 49 35 45 13 26 14 3 9 34 22 12 37 28 18 30 46 44 11
7 4 8 6 11 12 10 2 3 5 1 9
3 2 1 4 5 10 11 12 13 14 8 7 6 9 23 22 18 19 20 24 21 17 16 15
25 14 15 36 26 23 16 31 1 33 3 38 24 42 29 2 28 7 18 47 45 41 19 30 11 37 13 9 22 27 10 49 32 48 4 21 44 35 50 5 40 34 20 6 12 17 39 46 43 8
44 39 7 4 23 18 24 25 49 10 19 40 11 6 36 48 9 13 15 43 35 29 50 3 17 46 16 12 42 1 21 26 5 47 33 45 14 37 27 32 34 30 41 20 38 2 22 28 31 8
30 43 3 15 17 16 39 2 23 21 14 36 32 6 1 10 44 49 11 48 9 26 40 7 38 35 4 33 31 27 41 45 24 5 18 13 25 28 29 22 12 34 42 19 46 37 47 20 8 50
14 42 25 34 4 22 30 17 20 9 43 45 49 35 23 7 18 50 5 37 12 46 40 36 33 24 16 39 10 8 28 3 6 32 21 26 27 2 31 11 15 13 47 38 48 1 29 19 41 44
5 1 2 3 4 8 7 6 43 42 41 45 44 48 47 46 19 35 34 33 37 36 40 39 38 27 26 25 29 28 32 31 30 14 15 16 12 13 9 10 11 22 23 24 20 21 17 18
47 43 16 2 28 49 50 3 33 14 37 8 10 19 32 17 21 22 11 31 6 12 18 1 46 9 41 38 24 13 4 42 44 39 29 30 25 40 26 35 15 48 34 23 7 27 5 20 36 45
38 28 18 22 43 30 8 19 42 13 2 39 9 35 48 32 3 47 36 45 23 50 5 17 40 24 41 33 29 20 1 15 44 16 21 12 37 14 4 31 26 27 7 11 49 34 46 10 25 6
1 4 7 2 8 6 3 5
42 50 39 28 11 38 15 2 1 41 14 30 40 37 24 17 47 12 18 4 25 43 27 34 9 8 21 23 7 44 26 32 20 29 49 22 45 31 19 16 10 33 36 3 13 48 6 35 5 46
6 13 3 4 10 7 8 2 1 11 9 14 5 12
46 39 11 21 33 5 35 4 38 29 15 30 28 24 45 26 14 27 12 7 16 18 8 2 32 10 40 50 9 19 31 25 23 3 1 6 17 20 36 13 34 41 44 48 42 43 37 22 47 49
1 2 4 3 6 5 7 8
37 38 39 42 41 40 36 35 34 31 32 33 22 23 24 28 29 30 27 26 25 21 20 19 15 18 17 16 12 11 10 7 8 9 13 14 45 44 43 46 47 48 4 1 2 3 6 5
39 36 4 27 8 31 42 17 35 38 44 34 1 16 25 45 46 49 2 14 6 41 32 19 50 11 48 22 21 24 37 5 30 23 43 15 40 26 10 3 33 20 29 9 28 7 13 47 12 18
2 23 3 4 17 10 20 18 9 16 11 13 8 6 26 15 24 22 5 19 1 14 12 21 7 25
15 3 14 9 12 7 11 6 10 4 2 5 8 1 16 13
47 48 44 43 42 41 45 46 11 38 39 40 36 37 33 34 35 14 15 16 12 13 9 10 21 17 18 19 20 24 23 22 27 26 25 29 28 32 31 30 6 5 1 2 3 4 8 7
26 15 19 17 12 18 48 35 46 37 28 3 33 42 38 47 10 39 11 25 7 2 22 41 36 20 32 24 4 5 29 6 44 9 27 30 14 13 1 40 45 16 31 8 34 43 21 23
21 38 2 3 28 45 34 25 23 29 32 37 10 18 33 46 41 4 11 14 31 40 42 19 7 12 36 48 47 17 20 5 27 39 30 16 24 9 43 35 44 8 15 13 50 26 49 22 6 1
4 46 32 31 47 8 44 36 34 15 9 49 23 11 37 33 17 19 30 22 16 5 29 2 13 18 25 41 27 26 42 1 20 38 50 45 40 43 3 24 6 48 7 28 12 21 39 10 14 35
47 45 36 34 33 35 38 40 39 37 21 12 10 9 11 14 16 15 13 28 26 25 27 29 44 42 41 43 46 48 50 49 31 32 30 23 24 22 19 17 18 20 5 7 8 6 3 1 2 4
1 21 23 41 48 31 13 32 18 40 7 22 26 30 43 3 16 34 17 15 42 5 46 39 11 6 50 27 25 33 38 44 9 29 2 4 49 24 28 47 14 12 35 36 37 8 10 20 45 19
42 38 29 26 17 49 30 19 28 9 16 33 46 8 18 24 37 34 11 27 50 4 39 15 20 32 43 40 31 44 35 7 36 10 1 41 12 45 21 23 47 22 5 6 14 3 25 2 48 13
39 45 42 18 10 41 14 40 7 36 28 13 12 35 19 47 26 1 27 4 2 43 8 33 16 29 25 11 20 49 24 17 50 32 34 9 3 38 37 31 6 46 15 22 44 48 30 21 5 23
10 2 4 1 3 6 9 5 7 8
13 30 11 29 22 35 47 2 49 15 32 27 31 48 17 10 1 19 28 18 45 21 6 41 12 39 37 4 9 26 50 44 33 24 40 3 23 14 46 34 5 42 16 36 43 38 20 8 7 25
20 21 23 22 24 1 6 4 5 3 2 7 12 10 11 9 8 13 18 19 14 15 17 16
48 35 15 47 16 40 7 46 28 3 33 34 49 44 45 30 27 17 32 25 26 24 21 19 11 4 29 20 6 43 37 13 22 18 14 23 42 10 5 41 31 36 39 2 8 12 9 38 1 50
7 43 11 14 26 3 19 9 27 1 22 10 23 36 30 32 17 16 42 18 45 20 24 44 46 33 39 35 21 29 2 12 40 48 15 41 25 8 5 37 6 28 47 4 13 38 31 34
13 4 11 18 14 20 21 12 3 10 2 22 8 7 5 17 9 6 19 1 16 15
41 47 17 6 33 10 9 32 36 1 30 42 14 40 4 35 7 31 18 34 44 16 11 37 49 28 22 29 2 50 13 45 25 27 39 3 20 48 12 23 43 21 46 19 24 15 38 26 8 5
16 17 15 14 19 18 25 24 29 28 26 27 30 23 22 21 20 13 12 11 10 9 8 7 6 5 4 3 2 1
33 47 41 46 34 35 27 4 43 42 44 24 1 49 16 15 38 11 5 19 36 6 22 17 25 50 37 9 23 32 30 3 20 39 29 40 18 28 31 7 14 48 13 12 45 26 21 10 8 2
23 31 19 26 21 27 29 32 22 17 18 28 20 30 24 25 49 50 4 14 8 2 12 1 6 13 16 7 15 3 10 5 11 9 33 44 34 40 46 36 38 45 48 39 47 35 42 37 43 41
18 8 50 45 7 39 5 23 22 21 44 4 38 28 27 34 14 24 31 49 36 30 13 10 20 9 11 19 1 26 17 48 2 32 43 16 12 29 42 41 25 33 47 35 37 15 6 40 46 3
49 19 30 43 16 26 8 12 21 1 4 42 27 47 40 39 22 17 44 29 9 41 37 36 38 45 24 25 23 10 18 7 31 32 13 33 15 50 3 46 14 28 6 34 35 20 48 2 11 5
13 40 39 38 37 36 35 34 30 31 29 28 27 26 25 24 23 22 21 20 19 18 17 16 15 14 8 9 10 11 12 7 6 5 4 3 2 1 32 33
26 3 19 42 32 29 2 11 33 12 16 34 23 7 13 45 31 4 38 49 10 9 47 17 25 46 40 22 44 1 43 36 35 20 39 14 8 28 15 27 6 18 30 48 41 5 24 50 37 21
32 31 5 13 20 33 16 14 49 48 29 24 8 15 37 17 11 19 7 42 9 28 41 39 38 50 22 30 3 1 23 4 26 18 36 46 6 25 47 44 35 34 40 43 21 27 2 45 12 10
16 36 32 31 39 38 28 48 47 33 1 2 3 37 23 22 12 26 25 7 13 14 4 20 19 45 49 50 42 34 35 29 30 24 18 17 27 43 44 10 6 5 21 9 8 46 40 41 15 11
3 2 1 5 4 8 7 6 14 15 16 12 13 9 10 11 19 22 23 24 20 21 17 18
29 17 34 28 12 5 4 6 42 49 37 38 13 31 36 22 8 33 46 9 16 47 23 3 32 19 26 2 35 18 10 11 39 24 14 7 43 25 27 40 1 50 41 15 21 44 45 48 30 20
8 10 38 33 4 29 20 1 12 35 49 21 43 34 16 9 39 27 30 14 18 22 47 11 3 41 45 42 25 19 26 15 17 44 24 6 5 2 50 36 40 32 46 37 48 13 28 23 7 31
7 1 3 2 4 6 5 9 8 10
1 2 17 39 48 31 14 21 13 38 29 33 9 16 22 32 34 36 11 23 5 43 44 35 24 3 7 45 47 41 6 10 8 37 46 50 20 18 4 28 49 27 15 12 25 40 42 30 19 26
23 24 20 21 17 18 19 3 2 1 5 6 35 46 47 48 44 45 41 42 43 30 29 25 26 27 28 32 31 4 8 7 10 9 13 14 15 16 12 11 22 38 39 40 36 37 33 34
41 42 43 11 10 9 8 40 39 38 6 5 37 36 4 3 2 1 45 44 12 13 14 15 16 17 18 19 20 21 22 23 24 25 26 27 28 29 30 46 47 48 7 35 34 33 32 31
3 8 5 1 7 4 2 6
2 12 47 29 9 4 14 36 30 32 21 24 28 16 40 50 13 33 1 38 42 25 3 49 41 20 46 43 5 8 27 31 26 35 37 10 22 18 17 44 19 39 45 23 11 7 15 6 34 48
48 47 46 45 44 43 42 41 40 39 38 37 36 35 34 33 32 31 30 29 28 27 26 25 1 2 3 4 5 6 7 8 9 10 11 12 13 14 15 16 17 18 19 20 21 22 23 24
3 39 26 7 42 5 15 43 47 6 25 35 48 17 45 30 2 18 50 41 36 46 34 12 32 1 4 13 23 40 31 37 33 20 21 16 49 8 24 38 19 44 28 27 29 14 22 11 9 10
6 1 4 3 2 5
2 16 14 31 37 13 35 43 40 30 1 19 18 10 36 33 29 7 5 4 8 9 12 22 25 17 46 34 6 11 41 32 26 3 28 20 15 27 23 39 38 44 24 42 21 45
18 17 16 15 14 46 30 29 28 27 26 25 24 23 22 21 20 19 43 44 45 42 41 40 39 38 37 36 35 34 33 32 31 1 2 3 4 5 6 7 8 9 10 11 12 13 47 48
26 15 33 19 16 6 27 42 11 46 3 29 8 35 24 44 4 21 30 43 39 12 49 48 17 7 9 50 5 36 41 47 2 23 32 13 14 31 1 10 45 28 38 18 25 40 34 37 22 20
23 20 10 14 35 15 30 39 37 40 49 22 26 28 41 38 36 5 2 17 29 42 6 9 19 7 48 46 8 4 31 43 12 18 3 25 1 27 32 47 45 33 11 34 44 13 50 16 21 24
28 31 13 29 9 16 47 24 11 38 12 48 50 42 39 19 22 37 46 5 25 14 4 3 17 27 34 20 7 21 32 30 40 35 6 45 41 43 49 2 8 18 1 23 10 44 15 36 33 26
1 4 2 3
5 24 25 23 19 16 7 3 6 11 21 2 8 17 26 13 14 4 1 15 12 10 18 9 22 20
43 29 39 9 45 50 38 44 22 35 24 49 25 32 19 10 16 11 3 46 36 28 4 5 31 40 26 13 6 34 14 20 37 8 48 17 23 47 15 30 41 1 21 27 7 33 2 18 12 42
41 38 10 12 21 17 48 4 49 19 8 14 47 13 43 7 11 15 30 32 50 44 39 27 9 37 6 40 22 26 46 29 45 42 16 20 18 2 23 25 34 31 36 28 33 3 5 1 24 35
17 2 28 42 13 6 43 31 38 24 48 27 4 8 44 18 49 25 20 32 3 19 45 35 26 21 16 50 22 1 33 12 30 7 10 39 14 37 46 11 34 23 15 9 47 41 36 5 29 40
8 16 39 7 30 42 14 35 45 41 29 20 33 37 43 38 2 4 10 40 17 34 47 9 49 28 31 36 6 21 25 15 46 23 5 22 3 18 48 44 32 50 27 19 12 13 24 1 26 11
40 43 15 45 47 38 21 29 31 12 39 25 22 8 46 23 35 19 11 7 37 18 28 36 17 4 50 26 41 3 48 13 6 30 27 1 20 9 44 42 14 24 49 16 34 5 10 2 32 33
41 34 44 22 47 50 45 21 15 17 26 40 8 11 3 46 48 43 14 1 36 35 49 5 19 4 27 7 23 18 32 29 30 2 16 6 42 33 38 9 28 20 25 13 37 39 31 24 10 12
3 2 1 5 4 8 7 6 35 34 33 37 36 40 39 38 27 11 10 9 13 12 16 15 14 19 30 31 32 28 29 25 26 44 48 47 46 45 41 42 43 22 23 24 20 21 17 18
23 10 5 25 2 15 6 12 21 22 18 20 14 13 17 4 1 7 24 26 9 19 11 8 16 3
2 1 3 5 6 7 4 8 11 9 10 13 14 15 12 16 19 17 18 21 22 23 20 24 27 25 26 29 30 31 28 32 35 33 34 37 38 39 36 40 43 41 42 45 46 47 44 48
13 2 9 3 5 6 7 8 1 16 17 14 10 15 12 4 11 18
39 36 5 41 28 37 17 47 13 21 43 25 6 46 27 50 10 15 45 11 22 49 14 31 8 1 20 29 7 40 38 34 4 33 44 18 26 42 12 24 9 32 30 35 16 23 19 2 48 3
9 4 6 5 13 12 29 15 26 31 35 34 48 49 50 46 47 39 40 37 44 42 10 1 8 7 16 11 25 24 41 36 43 27 38 20 21 17 33 14 45 28 19 22 18 32 23 30 3 2
8 7 6 42 41 40 10 9 39 38 37 11 12 36 35 13 14 34 16 15 33 32 31 17 18 30 29 19 20 44 43 5 4 46 45 3 2 1 47 48 24 23 25 26 27 21 22 28
45 9 8 25 12 18 39 37 34 17 6 14 26 21 49 1 41 23 42 29 47 27 20 22 48 30 11 40 19 24 46 3 35 16 2 50 38 4 5 15 31 28 36 7 10 44 33 43 13 32
3 13 26 25 30 42 32 27 37 8 15 7 21 9 18 22 35 33 36 28 39 40 49 19 29 1 47 17 14 45 43 44 12 2 20 48 5 41 50 11 4 38 23 31 46 34 16 10 6 24
5 3 4 2 6 1
36 20 19 24 35 14 11 3 21 2 38 42 10 40 7 23 49 31 5 30 43 6 13 45 22 25 1 4 29 46 16 33 32 15 44 12 48 47 39 8 50 28 18 41 27 26 34 9 37 17
2 4 8 1 5 7 6 3
50 2 1 46 45 44 43 42 41 40 39 38 37 36 35 34 33 32 31 30 29 28 27 26 25 24 23 22 21 20 19 18 17 16 15 14 13 12 11 10 9 8 7 6 5 4 3 47 48 49
3 19 30 25 14 31 28 34 7 24 23 5 22 10 27 29 36 9 6 2 20 11 15 8 32 16 35 21 12 1 18 26 4 33 13 17
2 19 23 47 39 21 28 9 42 14 36 29 3 37 48 41 32 15 31 27 18 25 4 38 7 33 24 30 35 6 20 45 8 11 12 5 46 34 44 1 22 43 16 17 10 13 40 26
31 22 32 25 26 3 19 38 15 12 45 16 21 18 41 6 33 23 24 36 34 49 40 7 1 8 37 14 46 43 50 39 10 35 47 48 29 4 2 44 28 13 9 11 42 20 27 17 30 5
15 14 13 6 5 4 18 17 16 1 2 3 12 11 10 9 8 7
40 9 8 21 12 49 29 43 1 7 42 39 20 13 16 30 28 31 22 27 2 6 46 26 18 47 24 34 10 35 41 44 33 38 37 19 5 23 45 3 32 48 50 36 14 11 17 15 4 25
22 4 42 31 26 9 40 20 8 29 18 11 44 32 46 43 10 19 41 35 34 1 6 14 45 50 15 3 28 13 47 27 30 2 37 23 49 12 21 25 16 38 7 24 39 48 5 33 36 17
48 31 43 14 44 32 13 50 7 19 39 3 8 28 1 22 4 42 25 11 21 35 20 26 18 34 40 47 2 49 46 23 37 17 5 30 15 10 33 12 38 36 29 6 24 45 41 27 16 9
13 25 8 32 16 41 43 34 31 2 38 39 18 20 28 4 33 1 45 23 30 6 46 37 14 26 22 27 15 3 12 11 21 5 9 17 7 19 10 44 24 36 42 35 29 40
43 37 11 10 24 27 5 35 42 16 45 29 20 6 8 17 18 12 28 15 25 40 26 1 9 32 34 38 41 31 2 23 33 7 4 22 13 30 46 44 14 36 21 19 39 3
9 3 20 44 27 10 1 35 5 36 37 2 26 7 31 19 24 15 4 22 45 29 25 48 47 43 40 21 13 16 28 23 14 18 34 32 11 30 39 42 46 49 38 17 12 8 50 41 33 6
29 35 17 21 9 41 33 3 50 39 43 23 6 19 37 47 36 38 42 44 49 28 25 15 4 2 5 24 11 30 34 48 45 10 18 20 16 27 31 46 12 8 32 26 14 7 1 13 40 22
23 6 15 2 25 5 10 16 3 8 11 19 9 26 24 7 1 4 17 13 14 20 18 22 21 12
16 1 24 26 13 15 21 10 23 22 17 2 5 18 25 8 30 19 7 12 9 4 6 29 28 20 27 11 14 3
38 37 39 28 30 29 19 21 20 10 12 11 1 3 2 43 44 34 36 35 25 27 26 16 18 17 7 9 8 5 6 4 14 15 13 23 24 22 32 33 31 42 40 41
28 3 31 26 22 35 12 32 36 8 29 34 1 21 7 33 4 15 9 2 43 40 5 18 44 24 25 38 30 11 50 14 42 10 37 20 6 41 23 48 49 13 45 39 17 46 16 19 47 27
2 15 50 49 25 21 18 7 36 4 31 35 32 12 47 27 20 38 26 11 6 22 9 40 30 1 45 8 48 34 28 46 43 16 19 17 37 14 10 13 33 3 44 29 41 42 5 39 23 24
14 20 7 29 49 12 5 22 47 43 27 45 38 31 26 34 18 10 25 11 23 42 4 6 21 35 13 16 50 3 15 1 9 19 32 48 40 39 17 8 44 41 30 33 28 24 2 36 46 37
41 8 24 34 37 16 9 47 21 36 44 45 20 32 12 42 2 4 26 29 10 13 17 46 6 23 14 38 3 43 19 1 25 22 39 31 27 11 30 5 40 35 50 28 15 18 7 33 49 48
36 35 34 20 21 17 16 15 14 13 12 11 10 50 49 48 47 9 8 7 6 5 23 3 1 2 18 19 32 33 26 25 24 4 22 29 28 37 38 39 40 41 42 27 30 31 43 44 45 46
15 22 18 47 16 4 26 3 43 21 38 19 49 14 40 25 27 30 36 46 9 34 13 29 31 6 48 50 5 44 37 23 1 41 12 20 32 10 24 8 2 11 39 7 45 17 42 35 33 28
27 9 15 48 45 17 39 6 22 12 47 19 3 43 30 44 4 35 20 32 2 38 8 11 18 5 37 42 34 16 1 7 23 28 41 10 40 33 29 24 21 13 26 25 31 46 14 36
12 11 10 14 15 16 9 41 48 47 46 42 43 44 45 25 32 31 30 26 27 28 29 13 5 37 21 20 19 18 22 23 24 17 33 40 39 38 34 35 36 4 3 2 1 8 7 6
28 1 27 6 21 13 17 4 19 22 14 11 7 9 18 23 20 12 2 26 31 16 32 29 10 24 3 15 25 30 5 8
42 46 40 11 9 16 35 47 41 10 5 22 38 43 33 15 1 23 37 44 27 17 4 24 39 48 32 18 3 19 29 50 34 21 7 12 26 13 2 14 31 49 28 25 30 45 36 20 6 8
14 9 11 10 16 6 13 7 12 3 5 4 15 2 8 1
18 3 15 17 21 19 16 22 9 14 1 6 26 23 13 4 24 8 20 5 11 7 25 10 2 12
