26 4 3 43 36 35 23 24 17 33 28 5 2 46 15 25 21 12 27 38 8 29 44 39 6 22 11 1 47 30 42 41 49 20 50 45 10 34 13 31 18 48 40 16 32 14 37 19 9 7
29 18 20 46 14 41 1 44 13 43 9 36 4 35 2 49 15 47 21 27 24 32 19 50 12 42 3 45 23 40 17 30 6 48 8 34 10 39 16 28 5 38 22 26 25 33 11 37 7 31
7 46 3 44 5 45 16 36 9 34 20 1 14 40 19 30 24 49 2 50 23 41 12 38 11 47 26 28 8 42 6 32 13 35 25 31 15 27 21 39 22 29 10 33 17 43 4 48 18 37
12 31 35 8 5 41 27 43 36 19 9 33 50 23 20 44 29 21 22 39 32 7 34 30 38 40 10 24 28 18 4 45 26 11 15 46 16 6 25 3 49 42 13 17 47 2 37 14 1 48
7 30 50 46 26 35 38 29 40 14 21 2 44 42 13 8 5 27 19 47 25 39 18 9 45 1 41 33 48 23 49 12 32 6 43 28 36 37 16 10 22 31 3 34 17 4 24 15 11 20
14 6 8 12 10 11 1 2 5 16 13 15 4 7 3 9
19 6 21 45 29 40 5 34 7 44 8 10 9 27 26 39 3 24 23 43 35 36 4 48 15 12 38 37 13 47 49 50 2 17 11 32 41 42 1 30 28 46 16 14 31 20 33 25 18 22
28 6 20 25 9 22 45 11 32 42 4 5 15 7 26 38 35 30 47 2 36 14 50 21 1 3 18 43 48 40 10 19 13 33 44 8 24 16 29 49 23 34 17 12 39 37 27 31 46 41
30 2 10 9 8 7 14 13 12 11 1 23 24 25 26 29 28 27 6 5 4 3 20 21 22 19 18 17 16 15
46 47 45 38 37 48 33 39 30 44 23 34 27 32 29 35 28 50 43 49 36 42 31 41 22 26 25 21 40 19 20 15 3 2 8 9 4 6 13 14 10 5 16 12 7 1 18 17 24 11
2 4 1 3 7 6 5 8
24 40 41 34 45 38 42 20 37 10 36 5 18 27 33 32 50 12 16 31 21 19 13 11 39 48 26 2 49 17 30 46 9 47 22 25 28 35 6 29 8 23 3 44 43 7 14 1 4 15
7 47 34 14 3 26 6 13 38 43 32 2 25 17 48 10 41 20 28 27 5 16 40 11 31 29 33 12 21 37 49 15 22 1 42 39 50 18 19 9 45 23 36 8 4 35 44 46 24 30
11 15 44 33 48 23 17 7 39 3 34 1 5 42 18 45 40 43 25 36 31 22 35 41 49 9 10 20 12 2 13 21 29 24 14 50 26 32 46 28 38 27 19 37 4 6 8 16 47 30
22 39 8 1 24 35 5 21 31 49 27 26 33 37 11 20 42 7 17 13 40 29 15 4 2 41 14 44 3 23 16 6 50 36 46 12 32 9 38 25 18 47 30 10 48 43 19 34 28 45
20 12 41 11 10 26 35 44 23 14 7 40 39 33 24 4 1 28 37 19 42 17 13 38 15 5 30 29 45 2 6 18 36 22 3 47 31 49 16 8 50 25 43 27 32 21 46 9 34 48
37 14 4 42 9 50 1 25 10 34 13 48 20 22 31 40 36 2 39 29 47 44 45 35 11 46 3 26 38 5 15 32 19 30 7 41 49 28 24 16 23 6 27 21 8 17 12 33 18 43
42 15 22 45 33 32 36 31 2 3 4 48 1 13 14 7 35 34 40 44 43 18 17 29 30 23 11 10 19 20 16 12 21 9 8 46 39 38 37 25 41 5 6 47 27 26 28 24
1 6 2 5 3 4
25 11 24 7 35 3 5 19 16 2 34 14 41 21 26 44 45 8 37 10 36 49 38 32 48 28 39 4 9 46 22 27 50 42 15 13 29 30 1 6 33 12 20 47 40 31 23 18 43 17
1 44 14 3 26 41 45 11 13 30 23 17 35 31 22 8 38 18 19 42 28 12 50 4 10 48 37 7 33 6 49 5 40 16 24 43 36 34 20 27 47 21 39 2 9 25 32 29 15 46
9 39 1 33 29 4 43 16 3 13 11 26 22 40 21 28 36 19 10 42 20 2 18 38 34 6 32 27 35 5 23 7 25 30 41 37 8 44 12 14 17 31 15 24
16 15 14 13 12 11 10 9 24 23 22 42 41 40 26 25 1 2 46 45 44 27 28 29 30 31 32 33 34 47 48 49 50 38 39 3 4 5 6 43 7 8 21 20 19 18 17 37 36 35
10 23 22 18 16 3 8 7 5 25 2 1 4 17 6 15 24 26 21 12 11 19 9 13 14 20
11 19 15 8 2 3 17 14 16 7 13 9 10 12 20 5 1 18 6 4
46 20 30 7 43 3 2 31 48 25 18 13 10 12 28 24 1 21 44 9 8 38 33 17 41 19 35 49 29 6 11 50 5 42 15 37 40 27 39 26 14 45 34 16 47 4 36 23 32 22
30 34 38 11 24 37 14 25 33 41 17 23 21 48 9 6 36 49 22 10 46 15 44 26 31 12 20 7 47 43 8 13 27 42 28 32 45 39 19 2 29 5 35 50 40 3 16 4 1 18
8 1 28 29 46 43 45 21 38 35 5 9 31 11 3 15 37 39 27 41 36 30 32 34 44 50 49 33 2 12 18 6 25 16 23 42 24 7 10 19 14 13 17 26 47 48 4 22 40 20
7 5 18 35 32 1 26 17 47 10 30 22 44 50 48 43 14 12 49 9 11 23 45 8 19 3 28 21 20 37 46 38 24 29 42 34 41 2 15 33 13 27 31 40 39 6 4 25 36 16
5 48 35 31 16 39 7 23 13 2 30 26 38 41 22 8 25 29 20 46 15 34 1 6 40 49 42 47 11 43 32 36 28 24 44 37 45 9 33 19 12 3 4 27 18 14 21 10 50 17
13 22 30 26 34 49 7 9 3 16 46 23 37 43 45 19 10 41 12 11 28 48 44 25 17 50 36 39 24 35 8 20 40 47 33 1 4 14 29 21 32 18 31 2 5 6 42 15 38 27
26 25 28 10 11 36 37 40 39 38 22 43 42 41 13 16 15 7 47 46 6 4 45 44 5 8 9 12 18 17 20 31 32 33 34 35 14 30 19 27 29 48 1 2 3 21 24 23
34 50 36 4 42 43 41 16 30 26 47 11 10 33 17 28 23 15 2 40 18 24 19 46 5 14 13 44 39 25 1 38 49 3 45 8 31 9 35 20 21 48 6 37 7 32 22 27 29 12
9 39 40 24 21 7 27 11 26 48 10 32 50 31 19 18 30 42 46 23 47 14 44 6 35 49 2 5 20 37 8 17 34 3 1 45 15 43 22 4 36 16 13 12 33 41 38 28 25 29
7 26 41 50 43 38 31 1 30 11 27 8 42 24 23 28 47 29 6 9 34 14 25 15 17 10 39 20 32 5 36 12 33 18 37 3 48 16 45 4 13 40 49 46 21 35 2 19 44 22
21 20 24 23 22 11 46 45 17 16 15 10 9 13 34 33 37 26 31 32 2 3 28 27 35 19 6 14 30 38 43 44 48 47 42 41 40 36 1 5 4 8 7 18 12 29 25 39
11 15 4 9 3 10 14 2 8 7 6 12 1 13 5 38 36 43 32 46 20 33 37 30 24 19 22 18 39 28 42 25 49 48 40 50 17 45 44 27 16 35 29 41 26 21 23 34 31 47
11 17 16 13 14 15 12 20 19 18 21 22 23 29 30 26 27 24 25 3 4 5 7 6 8 2 1 9 10 28
4 16 25 35 50 38 19 5 22 41 45 29 7 17 36 47 13 10 48 40 26 8 14 24 46 37 43 9 11 23 42 33 31 18 21 6 30 39 27 3 12 15 49 28 44 20 2 1 32 34
6 42 1 4 31 30 45 12 19 24 26 10 49 29 36 11 9 22 46 47 25 5 27 8 50 37 20 18 33 35 21 7 48 28 41 14 32 3 40 39 38 44 15 34 2 13 16 43 23 17
37 38 23 24 13 50 43 46 27 42 15 22 2 4 35 44 41 48 47 26 21 40 33 34 31 32 9 12 18 39 45 8 29 28 19 49 20 17 30 5 14 3 6 1 10 7 16 11 36 25
43 36 28 40 2 25 39 32 7 19 14 11 6 29 37 9 4 47 21 22 1 23 31 44 38 42 49 15 5 33 50 34 17 35 45 10 18 46 8 27 3 12 16 24 30 20 48 13 41 26
9 29 27 34 31 22 37 10 42 19 20 1 30 32 25 50 43 38 33 17 47 24 49 7 3 5 12 26 6 45 11 21 44 41 40 39 4 2 36 35 18 23 14 46 8 13 16 28 15 48
9 4 6 3 7 10 8 5 1 2
3 42 47 18 13 14 44 46 38 10 7 5 37 34 32 19 20 48 50 43 17 16 36 39 15 12 11 49 41 45 4 9 1 29 21 30 22 26 23 27 24 25 28 31 6 2 8 35 33 40
3 27 9 34 42 30 11 5 16 28 19 33 26 24 43 50 32 2 31 25 35 23 7 29 49 13 46 47 38 41 10 17 22 39 48 14 18 40 44 12 37 45 15 36 4 21 1 20 8 6
14 35 48 11 13 3 15 34 29 38 27 47 12 6 30 18 50 2 36 10 49 7 21 5 16 46 31 26 23 1 42 24 8 22 32 45 43 28 37 17 33 44 19 39 20 40 9 25 4 41
13 12 17 16 15 14 18 42 6 24 22 36 27 29 26 34 28 49 10 33 43 35 8 3 21 40 11 44 2 23 38 19 31 5 41 7 46 9 30 1 45 4 50 48 37 32 20 25 47 39
33 18 9 28 7 26 11 35 36 14 17 15 10 19 27 39 37 46 31 3 20 23 2 4 43 16 5 29 34 22 21 6 38 32 50 13 41 8 45 44 1 40 48 47 12 30 25 49 24 42
40 9 18 19 20 12 3 13 26 16 11 29 38 50 44 33 2 32 49 41 1 31 36 21 47 46 15 35 10 39 30 48 43 45 37 28 8 23 34 4 24 27 22 25 5 7 6 14 17 42
11 40 30 15 25 49 26 8 22 28 27 36 12 35 7 29 41 34 6 20 42 10 2 3 38 24 47 46 48 37 39 9 19 13 32 18 17 44 33 1 16 45 5 4 21 23 31 43 50 14
19 28 36 2 41 29 6 14 18 39 44 3 30 49 21 20 31 17 35 8 4 50 5 27 12 42 43 37 32 7 47 40 33 25 10 46 34 22 16 13 26 11 48 23 38 1 15 9 24 45
37 28 29 7 40 26 14 8 35 43 39 50 3 25 38 13 2 49 32 22 48 24 20 19 46 31 5 9 41 11 44 36 4 15 12 17 21 47 34 18 27 42 6 23 1 16 45 33 30 10
22 5 13 19 15 11 20 3 10 14 8 2 21 9 1 7 17 16 4 6 18 12
23 32 28 29 30 31 44 48 47 33 34 10 9 13 26 25 2 3 22 14 19 6 27 35 46 11 12 16 15 24 20 21 17 18 42 43 38 37 36 40 39 1 5 4 8 7 41 45
42 28 14 6 31 16 3 29 45 49 11 39 30 37 27 8 24 15 32 20 17 33 25 1 34 18 23 10 50 12 5 44 48 41 4 13 26 46 2 21 9 19 22 43 40 38 7 35 47 36
3 4 2 1
5 8 2 4 3 9 10 1 7 6
35 36 37 38 34 33 39 32 30 31 12 16 17 18 11 10 15 14 13 19 20 24 28 27 25 29 23 22 26 21 9 3 2 1 6 4 8 7 5 49 50 45 44 40 43 42 41 46 47 48
32 17 9 37 46 7 36 30 33 42 6 26 40 8 3 24 18 28 34 13 12 43 49 1 23 2 50 38 48 4 45 22 16 15 21 27 14 20 25 31 19 5 44 29 11 39 10 47 41 35
46 33 36 40 47 1 32 39 6 27 2 19 26 34 21 13 3 45 17 4 30 7 12 25 5 41 24 15 42 8 31 43 23 29 14 48 9 18 28 22 49 50 20 37 10 35 44 38 16 11
16 19 5 27 49 9 10 34 35 38 18 7 25 40 32 44 20 2 15 43 26 46 24 4 28 50 45 1 17 30 33 41 14 11 22 48 36 3 21 42 37 39 12 23 6 31 47 29 13 8
15 34 9 36 35 1 10 2 14 48 50 17 4 45 5 26 18 12 6 33 7 49 13 20 24 8 38 46 19 3 44 39 16 28 41 40 11 27 29 47 21 31 37 25 43 32 42 23 22 30
4 2 1 3
50 7 41 29 27 16 18 49 8 30 33 26 17 45 1 9 2 47 37 44 19 32 20 43 22 10 6 48 5 34 3 42 24 36 23 28 40 25 38 15 35 46 39 12 11 4 31 14 13 21
15 42 43 44 37 36 2 1 34 35 14 5 6 7 48 49 50 24 23 22 21 30 31 32 33 3 4 16 17 18 19 20 25 26 8 9 10 11 12 13 29 28 27 41 40 39 38 47 46 45
21 19 18 31 29 7 38 25 17 15 20 6 16 35 13 23 12 28 8 33 39 2 14 27 30 37 11 32 40 24 1 34 26 5 3 4 36 10 9 22
50 13 22 2 20 25 43 45 28 6 40 23 37 11 34 30 4 17 3 5 38 48 18 7 35 29 14 10 8 47 15 31 32 24 42 33 9 41 26 44 36 27 1 49 12 46 16 19 39 21
13 50 4 21 48 5 30 23 44 31 8 36 12 14 41 38 1 25 9 35 24 16 27 45 10 18 40 11 34 20 37 26 46 28 42 17 29 7 43 47 15 32 22 3 19 2 33 39 49 6
23 37 39 43 48 40 32 10 4 6 7 35 49 1 8 33 16 2 34 31 25 42 15 47 36 22 17 44 5 20 41 3 12 21 30 9 46 14 19 26 29 24 28 45 13 11 38 18 27 50
4 6 1 9 7 10 3 8 5 2
36 1 44 43 42 49 29 33 50 13 24 23 22 21 45 46 47 48 39 38 37 41 28 27 40 16 20 19 11 12 8 32 31 30 3 4 35 34 15 14 26 2 9 17 10 18 25 7 6 5
25 3 40 7 1 37 47 14 19 48 34 35 29 50 12 11 49 42 36 31 45 16 32 21 18 39 22 46 9 23 33 4 20 26 2 27 24 17 28 38 5 6 30 15 10 13 43 41 8 44
31 10 23 24 3 2 9 13 14 35 22 6 11 30 43 27 26 25 29 28 32 42 41 45 44 48 47 34 33 37 38 46 19 20 21 18 17 16 12 39 40 36 7 8 4 5 1 15
10 13 18 2 17 7 16 9 4 3 5 6 1 11 12 15 8 14
4 17 15 22 24 27 25 2 6 13 1 28 14 16 19 11 5 21 20 12 18 8 7 23 9 3 26 10
30 33 7 36 25 38 28 31 11 5 18 17 9 39 24 6 21 1 32 14 16 13 37 8 26 29 12 2 4 35 22 15 3 19 40 23 10 20 27 34
8 20 14 24 41 50 27 46 7 19 33 16 49 37 5 4 44 42 34 32 35 13 45 15 12 11 2 23 39 10 36 29 38 28 6 26 21 31 25 30 43 17 3 47 22 48 40 1 18 9
11 32 43 21 6 9 18 23 10 34 3 46 38 24 14 28 39 35 41 40 15 8 17 20 2 7 13 12 19 22 16 29 30 5 47 36 25 48 37 1 45 27 26 42 50 31 33 44 4 49
41 21 42 48 14 17 34 24 1 45 18 15 33 5 40 31 26 25 3 29 32 44 43 4 49 47 23 12 38 9 11 20 10 35 30 16 39 46 27 19 6 7 50 37 28 2 8 13 22 36
36 48 39 7 3 2 30 49 44 5 6 19 45 46 34 16 10 20 29 28 42 24 12 15 31 32 37 14 23 4 35 26 47 11 38 8 18 21 40 41 50 1 13 22 43 33 27 9 25 17
17 48 1 36 46 2 15 45 11 10 40 6 34 18 38 49 24 44 20 26 13 27 39 5 21 31 16 32 23 29 9 4 12 28 8 47 42 35 3 41 50 19 37 22 14 33 7 43 25 30
41 7 26 42 16 5 34 21 49 28 2 31 39 48 4 1 15 25 30 27 23 50 43 45 46 6 3 33 12 44 29 38 35 37 9 18 22 13 20 24 19 36 10 32 11 14 8 40 17 47
29 21 30 7 13 50 17 24 19 39 14 2 15 27 46 43 16 6 26 23 1 28 42 41 25 31 12 5 48 20 34 11 40 37 4 32 33 44 18 35 22 10 3 47 38 45 9 8 36 49
11 7 37 22 45 29 25 23 49 38 33 30 40 34 28 36 19 39 47 18 16 1 6 46 43 20 24 21 50 31 2 41 35 12 26 32 3 17 8 27 9 5 14 42 10 44 13 48 4 15
6 2 22 13 12 7 9 28 21 17 8 29 5 23 16 11 14 15 26 20 24 27 3 4 19 25 10 18 1 30
8 7 50 2 6 37 36 31 30 32 33 39 38 34 35 48 1 49 43 44 45 40 42 41 46 47 17 15 10 14 13 19 16 12 11 18 9 3 4 5 29 27 28 24 25 20 23 22 26 21
27 46 9 19 41 7 29 36 18 15 5 48 45 34 13 20 26 2 32 43 11 28 38 17 42 22 37 35 49 3 16 30 47 21 25 10 39 14 1 24 12 6 44 33 31 4 40 8 50 23
2 5 6 1 3 4
17 11 43 26 14 1 27 9 3 35 33 48 41 20 7 37 15 32 22 47 19 45 25 34 36 10 5 38 6 13 40 39 2 50 18 21 28 46 4 16 29 30 31 49 24 23 8 44 12 42
32 47 21 16 48 19 14 8 30 27 7 37 24 44 34 11 17 15 38 46 2 33 26 4 31 40 35 41 13 6 49 36 23 5 45 9 20 22 10 12 18 39 3 28 42 43 29 1 50 25
28 8 9 5 20 24 3 2 15 30 12 23 19 13 11 22 27 18 16 6 29 1 26 17 7 25 4 32 21 14 10 31
35 47 49 39 30 44 8 12 38 6 18 36 16 3 33 24 7 20 21 25 50 34 15 45 5 17 14 9 42 31 26 32 19 27 1 29 46 10 23 2 22 43 48 37 13 28 4 11 41 40
3 2 1 5 4 7 8 6
20 40 16 22 39 48 50 5 3 34 25 35 38 28 23 15 12 37 9 18 49 19 36 31 47 8 43 29 24 32 13 41 11 26 1 44 46 42 45 30 17 21 27 33 4 2 6 7 14 10
13 42 43 31 18 23 6 41 30 39 8 46 22 19 4 29 16 35 1 47 48 9 44 5 45 26 2 7 32 24 3 36 17 40 34 25 15 11 33 37 10 20 50 38 28 14 12 21 49 27
1 23 3 29 31 49 45 33 11 21 37 43 10 22 8 41 20 15 47 13 32 16 34 44 30 42 12 35 5 25 39 48 2 26 38 17 14 19 6 18 28 24 40 46 36 27 50 7 9 4
26 1 41 42 48 47 28 16 46 20 43 31 22 49 19 27 29 8 40 10 50 9 21 13 7 17 12 30 6 3 24 2 37 44 33 34 39 25 38 35 32 4 45 14 11 23 15 36 18 5
11 12 13 1 5 10 9 8 7 4 15 6 2 3 16 14
1 6 5 8 3 7 4 9 2 10
7 8 3 2 1 6 5 4
8 6 4 3 7 2 1 9 10 5
6 43 22 17 3 25 47 15 7 1 21 23 28 10 5 45 16 14 8 2 19 24 46 18 44 13 29 34 20 11 33 37 26 36 39 9 40 41 42 32 31 38 35 30 27 4 12 48
18 34 35 15 1 24 3 2 37 4 36 29 26 43 49 13 40 9 23 12 46 22 28 19 48 45 30 31 25 7 33 21 20 11 39 44 32 8 16 5 41 42 17 38 27 6 50 14 10 47
49 48 45 44 46 50 47 41 42 43 40 39 36 37 38 31 33 35 34 32 30 28 26 29 27 25 22 24 21 23 20 19 16 18 17 14 12 15 13 11 9 7 10 8 6 5 4 1 3 2
35 17 8 2 4 39 30 18 14 6 15 46 38 48 42 40 20 13 19 7 12 31 37 23 10 5 27 9 44 43 21 26 11 45 49 41 50 25 16 47 1 29 24 36 33 34 28 3 32 22
4 29 19 10 1 38 43 13 46 24 17 34 36 35 15 20 21 33 9 40 31 11 39 2 28 42 49 22 50 7 3 48 14 45 16 12 5 27 6 47 23 32 30 37 8 44 18 25 26 41
18 42 7 22 30 35 12 16 36 1 41 19 20 2 33 46 45 26 24 49 29 44 43 27 11 3 10 13 50 47 8 31 9 25 15 32 48 6 23 14 21 5 17 4 37 34 38 40 28 39
10 2 3 17 12 4 11 5 20 16 13 6 7 19 18 14 1 9 8 21 15 22
20 17 16 15 13 11 12 19 18 14 22 25 28 23 29 26 24 27 21 46 2 3 7 5 4 6 1 8 9 10 30 47 42 41 45 44 49 48 50 43 32 31 40 38 39 36 33 37 34 35
4 5 1 6 2 3
8 5 3 2 11 10 9 12 13 16 15 17 18 19 14 6 7 4 1 24 21 20 22 23
18 3 26 31 10 6 7 47 48 27 39 42 37 12 32 17 11 41 8 24 40 35 23 43 49 50 13 33 30 36 29 19 20 9 2 1 45 44 38 46 25 34 4 15 22 16 28 21 5 14
15 6 24 5 25 1 3 14 11 47 48 49 30 26 35 41 28 38 33 32 27 34 39 45 31 42 50 46 36 44 43 23 8 19 9 13 21 12 18 22 17 2 7 10 37 40 29 4 16 20
4 3 31 11 22 44 26 19 48 32 10 2 9 39 24 6 46 8 1 29 36 49 33 45 27 14 25 20 30 13 5 7 18 47 23 41 34 37 42 12 38 43 21 50 28 35 16 17 40 15
18 13 45 31 50 11 40 16 49 15 21 46 28 24 34 35 26 48 19 2 12 41 17 5 29 6 39 10 43 8 47 7 37 42 22 36 9 33 14 25 44 27 3 32 23 20 1 30 38 4
6 7 13 16 3 11 17 10 9 1 18 14 15 12 20 19 2 4 5 8
15 4 9 20 36 30 10 25 5 29 40 38 7 45 3 46 39 32 44 19 31 37 43 11 14 35 18 47 17 22 26 27 6 2 1 24 33 8 41 13 34 28 48 21 23 12 16 42
39 25 10 41 40 12 43 19 22 50 15 36 6 44 7 38 24 4 45 17 23 3 33 13 9 29 32 49 26 31 5 34 48 37 27 11 18 42 14 46 20 30 1 2 21 28 35 8 16 47
33 16 26 46 34 15 18 36 24 6 3 13 11 1 38 9 4 50 28 7 27 29 41 39 49 19 21 30 10 32 37 8 22 44 23 2 45 40 43 42 14 17 35 25 48 47 12 20 31 5
36 11 50 19 25 10 44 20 33 8 17 16 2 15 26 31 39 7 6 46 9 4 37 5 1 42 41 24 21 29 47 45 13 35 38 23 32 18 43 22 28 49 34 40 27 12 3 14 48 30
36 12 16 5 8 29 25 18 21 19 34 10 24 27 15 37 23 14 17 11 2 31 7 9 40 6 38 32 4 3 28 30 22 20 39 33 1 26 35 13
42 21 29 28 36 31 24 43 44 5 7 50 34 10 39 4 8 37 15 45 20 18 23 40 38 19 11 33 48 13 14 17 2 49 27 6 16 41 47 46 12 9 30 25 32 26 35 1 22 3
45 10 18 46 47 42 49 5 22 14 16 15 34 6 30 44 9 3 13 25 27 21 26 19 33 43 40 11 20 37 8 2 17 50 35 12 28 4 29 41 1 36 31 32 7 24 39 48 23 38
11 17 7 34 39 33 48 23 47 24 13 12 3 46 32 4 37 38 28 5 49 30 21 18 40 43 31 36 2 20 10 16 8 35 41 27 19 22 6 26 44 15 1 9 42 25 45 50 14 29
39 17 14 46 50 31 11 29 30 2 42 23 37 3 34 4 18 27 21 33 10 36 28 25 7 45 22 26 9 15 35 8 44 38 49 43 41 48 6 1 5 13 24 32 40 19 47 16 12 20
23 46 13 19 24 29 41 11 38 28 5 22 16 32 7 18 9 31 8 1 25 21 4 3 20 45 44 49 30 35 14 33 15 26 39 36 34 50 12 37 10 47 43 48 6 27 42 40 2 17
6 40 39 38 37 9 21 25 5 29 1 17 24 23 36 35 34 47 26 27 28 12 13 45 33 41 48 8 7 43 42 46 10 11 44 2 3 4 20 19 18 22 32 31 30 16 15 14
47 16 20 41 31 6 49 35 29 11 34 5 37 9 30 33 8 24 45 42 3 17 28 48 38 7 22 40 50 1 19 10 43 23 15 13 26 2 36 27 18 25 44 4 32 46 12 14 21 39
2 19 28 46 34 20 39 35 8 25 22 45 40 5 27 12 33 6 10 13 38 4 48 50 9 1 23 32 7 21 24 43 18 44 41 3 15 47 37 49 17 31 36 14 26 42 29 16 11 30
7 39 23 3 30 1 10 49 29 25 46 22 16 50 8 45 40 37 18 41 35 44 31 38 26 11 4 15 13 2 28 20 24 6 14 19 12 47 21 48 5 17 33 42 32 34 43 36 9 27
47 22 37 23 1 48 44 33 27 12 30 13 19 35 24 18 15 45 28 41 42 3 39 36 25 16 2 43 5 50 9 40 4 29 34 17 14 32 6 38 7 31 26 11 49 46 20 8 10 21
39 40 12 26 14 5 6 22 15 4 9 25 21 38 41 2 36 13 50 42 31 17 48 11 27 3 29 46 16 7 20 1 37 24 28 8 33 23 18 34 10 49 45 19 44 47 30 32 35 43
10 7 6 20 16 11 8 1 12 19 3 4 9 14 15 17 2 5 13 18
8 22 49 50 36 10 32 31 3 15 26 27 28 18 19 39 38 13 14 9 43 44 45 11 12 17 42 41 40 16 24 25 33 34 35 21 20 23 29 30 37 1 2 4 46 47 48 5 6 7
30 15 45 38 39 9 25 20 47 46 8 32 37 21 4 3 34 35 24 36 13 12 2 48 14 29 41 31 6 7 19 40 5 27 26 1 42 50 33 18 11 10 49 17 16 44 43 28 22 23
1 20 49 17 40 45 47 15 13 46 11 25 43 31 41 8 18 37 39 14 22 21 35 26 28 19 50 5 30 48 24 3 33 6 34 32 23 44 12 10 36 16 29 9 7 27 4 38 42 2
18 13 49 35 12 41 10 30 21 17 42 36 37 15 19 25 39 47 33 7 46 3 14 24 48 8 45 16 6 26 11 44 23 20 34 22 32 29 28 43 31 50 27 1 9 38 40 2 4 5
8 44 1 12 21 46 39 30 6 13 2 45 37 32 4 15 17 28 26 40 3 19 10 33 38 27 20 18 9 36 43 29 23 5 22 31 49 41 14 11 24 48 50 47 7 16 25 42 34 35
20 27 2 47 45 29 36 13 6 39 40 50 3 38 5 37 22 33 34 16 17 30 44 21 12 8 35 41 24 43 14 32 26 11 19 9 23 25 49 48 1 28 18 7 31 46 4 42 10 15
31 40 8 39 22 21 20 34 11 42 38 2 43 14 27 32 17 7 24 30 5 33 3 37 46 35 15 6 18 28 50 23 25 26 4 1 44 36 16 49 29 13 10 47 9 19 45 12 41 48
6 34 9 28 49 16 40 31 18 37 21 46 45 15 33 13 38 19 29 4 10 41 35 1 26 8 27 39 32 20 44 5 30 17 42 7 24 3 43 2 14 23 36 22 12 47 11 50 25 48
1 9 2 5 6 7 22 23 27 28 25 26 24 4 3 10 8 16 17 14 12 15 19 13 30 18 20 11 21 29 46 43 50 41 48 44 42 47 49 45 38 34 40 37 39 35 36 33 31 32
21 37 50 4 1 39 2 24 34 19 11 22 25 20 36 8 42 47 29 32 48 27 3 16 28 45 31 44 14 46 7 6 9 5 15 17 13 40 18 23 41 49 26 10 30 33 38 43 12 35
42 11 41 28 19 6 32 17 35 16 14 4 34 3 9 18 26 37 27 47 12 33 22 5 2 13 39 23 24 7 45 48 8 49 46 40 43 38 31 20 25 50 1 29 15 30 36 21 44 10
15 6 13 9 7 16 3 4 2 12 5 10 1 11 8 14
16 17 2 20 3 34 19 41 48 37 9 22 5 24 4 44 13 28 11 38 1 10 49 8 21 50 12 29 6 36 14 45 42 35 46 40 47 25 27 15 33 23 18 43 7 39 26 30 32 31
23 5 4 41 22 25 30 38 11 6 16 9 36 47 10 35 50 31 17 15 19 21 43 18 49 20 33 42 1 12 45 44 28 14 46 27 39 34 2 32 29 13 24 37 26 8 40 3 48 7
29 8 31 33 2 42 18 23 30 19 10 36 16 49 48 27 39 46 25 32 24 21 45 38 5 40 47 26 11 22 9 50 35 43 15 17 34 44 7 20 3 12 13 4 41 37 28 6 1 14
31 22 29 15 7 12 37 33 35 1 6 16 23 40 24 4 13 8 21 28 3 5 32 34 39 11 18 19 26 30 27 10 17 20 38 25 36 2 9 14
7 23 46 45 29 43 32 42 9 38 14 48 24 15 26 30 4 35 27 31 5 39 6 37 34 10 22 19 20 13 50 28 8 41 2 3 33 40 18 17 36 44 25 49 11 16 1 12 21 47
45 29 44 23 30 24 43 21 50 18 9 47 12 31 27 19 46 17 5 33 22 48 10 36 37 11 28 7 6 35 41 2 49 34 1 26 4 14 8 38 16 42 40 15 20 13 39 3 25 32
46 37 14 15 16 36 24 27 26 25 33 19 32 49 2 1 50 35 20 21 31 30 22 23 29 28 40 12 39 13 38 34 18 17 41 11 10 9 42 3 4 48 43 47 5 6 44 8 7 45
28 19 2 10 34 8 30 48 47 18 14 22 36 50 46 37 1 45 5 23 44 32 20 3 49 9 35 29 41 39 7 40 16 21 33 24 17 11 25 12 13 27 42 4 31 15 43 6 38 26
7 16 31 37 26 10 20 46 35 13 11 40 9 1 28 17 2 36 19 33 41 15 47 44 42 6 4 50 39 8 49 23 34 24 14 30 45 12 22 38 32 48 18 25 27 5 29 43 21 3
11 10 5 8 4 6 2 9 7 1 12 3
27 11 25 14 24 46 9 4 5 36 48 28 49 40 44 21 23 20 13 38 30 16 37 10 34 22 18 29 12 41 42 32 47 45 8 6 2 35 43 31 3 33 50 1 17 26 19 7 15 39
18 15 13 32 49 4 2 24 29 21 38 11 17 44 47 10 6 43 8 16 41 46 39 22 14 48 45 5 40 26 7 31 50 37 1 19 35 9 42 30 12 33 23 28 20 27 3 25 34 36
13 49 22 7 27 45 8 3 34 47 18 39 9 37 23 36 26 38 32 28 2 25 46 24 29 14 42 15 48 40 6 33 20 4 16 35 11 12 43 50 17 5 1 30 19 44 10 31 41 21
22 14 1 10 6 24 2 23 3 4 12 5 18 13 9 21 19 20 17 7 16 8 11 15
34 11 30 7 23 25 31 21 22 41 39 35 29 1 18 12 3 26 15 32 28 37 20 14 33 27 46 4 40 10 17 8 24 16 38 47 5 45 19 13 2 48 42 43 6 9 44 36
21 24 8 5 4 1 2 20 17 27 30 12 3 6 34 33 36 14 11 23 26 31 44 41 40 39 42 37 28 29 32 18 22 13 25 7 19 10 16 15 9 35 38 47 46 45 48 43
21 22 47 18 39 14 43 28 15 27 25 24 19 31 2 46 38 1 30 16 48 17 12 37 32 6 20 9 5 4 11 36 50 7 8 10 41 13 23 26 35 40 45 49 33 29 34 42 3 44
36 14 50 31 22 12 46 2 9 11 47 35 33 21 25 6 27 43 8 1 13 44 16 40 32 41 48 45 39 18 7 3 24 15 38 34 37 5 28 26 17 20 23 29 10 4 30 19 49 42
46 47 48 28 29 30 31 32 33 5 4 3 12 13 14 50 49 18 17 11 7 6 2 1 42 41 8 9 10 43 44 45 25 26 27 16 15 34 35 36 37 38 39 40 24 23 22 21 20 19
1 19 15 9 6 17 10 3 20 24 12 5 16 23 18 26 4 21 25 22 13 8 11 7 14 2
36 29 27 24 10 11 44 40 21 5 17 31 48 28 16 22 3 35 50 34 13 14 15 39 46 37 18 23 8 45 49 38 4 2 42 33 47 7 12 9 30 26 25 20 6 41 43 32 1 19
35 31 39 13 16 20 42 46 4 1 3 29 21 30 22 23 48 47 18 14 49 27 26 24 25 28 19 12 8 44 41 10 2 6 32 33 17 11 15 36 40 9 7 50 45 43 5 37 34 38
27 37 40 49 48 21 23 46 12 4 25 43 6 47 38 35 36 17 19 1 10 30 42 7 18 5 33 26 11 28 41 8 50 22 34 32 39 14 29 44 2 3 24 31 13 9 15 16 45 20
2 48 8 7 46 50 34 18 4 10 30 16 27 11 31 3 41 23 40 5 17 19 21 1 47 9 22 43 25 26 45 6 29 49 24 37 14 13 12 28 39 36 33 20 42 38 15 35 44 32
6 27 42 29 4 39 40 5 41 12 47 3 23 14 45 13 22 48 26 24 8 43 31 16 25 1 28 34 19 38 32 50 7 46 15 11 17 35 2 33 44 37 36 30 9 49 10 18 20 21
36 11 47 23 30 6 31 14 10 15 2 5 42 41 37 45 44 38 49 21 24 3 34 19 29 48 33 18 43 46 16 4 7 13 28 39 27 50 40 25 32 20 1 26 22 12 8 9 35 17
18 23 38 15 8 37 3 19 11 47 21 41 5 25 46 31 9 24 12 49 1 17 33 4 14 48 32 28 7 44 39 2 43 6 22 36 10 50 13 29 30 35 26 45 20 42 27 40 16 34
13 15 6 43 18 26 22 17 37 19 40 1 41 27 30 31 39 44 12 35 14 34 47 29 25 32 46 49 48 42 10 36 20 8 3 4 38 45 2 5 16 33 9 24 23 7 28 50 21 11
1 41 9 27 17 21 48 24 6 37 10 11 42 25 8 13 44 29 16 28 15 19 43 47 2 26 36 31 5 50 4 49 46 14 32 35 22 30 20 38 18 34 23 45 7 12 3 33 39 40
3 5 1 4 6 2
26 8 21 29 7 14 18 3 4 19 16 27 2 9 22 20 23 13 6 25 17 11 12 1 24 30 5 10 28 15
29 50 40 13 33 1 46 9 4 43 38 44 27 20 10 28 45 41 21 15 48 23 3 19 6 47 39 36 35 16 25 30 14 22 37 18 24 7 31 32 49 17 42 26 11 12 34 8 2 5
37 35 49 40 18 29 33 14 11 48 13 17 9 36 1 30 25 20 22 31 38 24 26 43 39 12 15 10 21 3 16 2 45 46 23 28 41 7 5 8 32 47 50 44 19 6 42 34 27 4
22 15 18 16 27 8 23 4 25 9 31 2 29 11 28 14 26 17 12 24 10 19 3 32 13 30 1 21 6 34 5 20 7 33
2 4 8 6 9 11 1 12 7 10 5 3
11 6 5 1 4 39 40 17 18 15 16 10 41 44 38 37 43 42 48 47 35 34 31 32 26 46 45 3 25 23 22 19 20 14 13 27 12 24 21 9 7 8 2 29 30 36 33 28
47 49 48 46 45 43 44 42 41 40 38 39 37 36 35 34 33 32 31 30 29 28 27 26 24 23 22 25 21 20 19 18 17 16 15 14 13 12 11 10 9 8 7 6 5 4 3 2 1 50
43 16 25 38 31 14 27 19 39 12 5 37 10 48 7 26 45 29 35 18 34 4 33 44 40 15 6 23 13 30 46 1 11 42 17 32 20 49 2 47 9 8 41 50 3 28 22 21 24 36
11 18 6 7 5 8 13 17 14 1 16 3 4 9 2 10 15 20 19 12
36 45 46 10 38 20 29 21 27 14 23 6 43 11 16 48 39 32 9 2 4 13 47 17 26 1 33 28 50 41 12 19 42 25 30 15 24 37 7 35 49 3 18 40 31 8 34 44 5 22
11 18 40 23 8 2 17 5 44 16 10 48 33 43 1 9 13 12 34 30 46 35 49 50 14 42 37 6 36 39 38 19 3 45 47 28 29 4 25 24 22 32 31 41 21 7 26 15 27 20
4 33 21 5 14 10 8 44 17 12 42 29 41 35 22 50 6 15 18 46 34 39 36 37 24 32 31 40 11 20 43 48 16 49 25 28 38 3 26 19 1 45 27 7 2 30 23 9 13 47
22 44 3 12 16 23 49 17 15 25 46 2 18 39 11 36 28 50 41 43 38 21 33 9 35 20 10 8 42 6 19 27 34 13 30 14 4 45 1 47 48 5 37 29 7 24 32 40 31 26
23 41 21 40 30 45 4 44 37 26 36 20 24 8 32 14 27 12 42 29 6 2 34 17 19 10 7 5 9 25 15 11 31 43 38 22 16 46 18 3 33 39 1 13 28 35
20 42 26 3 23 34 7 29 11 10 38 27 5 30 28 21 37 32 12 35 2 40 18 8 19 4 39 17 24 16 13 14 36 33 9 6 15 22 1 41 31 25
42 26 38 37 15 31 32 11 19 33 34 4 35 2 27 28 45 46 7 8 44 6 17 41 20 30 29 23 3 36 16 50 1 14 10 9 48 24 49 25 13 18 47 40 39 5 22 21 12 43
5 35 18 27 49 10 29 9 34 31 43 42 22 40 32 3 13 6 36 14 50 11 15 44 8 28 25 19 12 26 30 20 24 17 45 38 33 16 4 37 23 2 39 21 41 7 47 1 46 48
18 37 36 8 9 49 15 2 1 7 6 38 27 14 30 35 46 3 4 5 33 32 31 42 41 40 39 34 47 48 10 11 12 13 50 23 26 25 24 20 21 22 43 19 29 28 17 16 44 45
2 3 4 18 27 41 26 36 37 42 32 29 28 39 35 19 22 24 15 8 33 20 14 40 49 17 46 11 9 25 48 13 45 21 12 50 34 38 30 10 16 31 44 23 43 47 1 5 6 7
1 2 5 43 33 46 50 30 18 8 24 38 11 32 13 16 7 14 40 28 26 49 15 27 48 41 31 3 4 39 42 29 22 9 12 47 6 20 44 36 17 21 23 25 34 19 45 10 35 37
13 11 6 5 4 44 48 1 30 49 12 45 2 46 18 33 31 15 10 3 8 35 39 29 19 40 25 16 24 22 47 41 27 7 42 14 43 17 26 32 34 9 38 37 36 28 50 23 21 20
3 2 1 6 4 5
34 14 40 38 31 3 1 27 2 48 28 41 36 35 12 44 46 15 42 13 43 39 45 20 16 19 26 4 32 25 22 37 8 29 49 10 30 17 24 50 9 18 11 21 47 33 7 6 23 5
16 1 45 38 34 8 2 40 7 50 46 42 28 5 22 19 35 37 47 3 25 26 12 31 39 32 48 21 43 11 44 17 41 15 4 33 24 6 13 29 36 27 14 18 20 10 23 30 49 9
43 14 31 47 4 15 35 40 30 25 46 1 37 6 32 2 28 34 20 21 7 8 13 33 3 44 10 11 38 49 12 19 16 27 41 9 45 18 22 50 5 23 29 17 24 36 48 42 39 26
23 45 9 31 35 12 19 16 29 28 15 22 20 30 36 34 8 18 47 11 21 17 13 7 5 27 42 6 50 1 14 49 40 4 25 37 33 48 24 46 39 41 2 38 32 10 3 44 26 43
14 17 47 26 20 22 35 38 16 10 27 23 30 5 43 44 32 15 36 2 7 28 12 39 41 21 13 1 40 33 8 46 3 19 4 37 45 24 29 49 31 34 9 48 11 18 6 42 25 50
11 7 6 5 12 10 4 2 1 8 3 9
7 26 2 38 45 34 40 46 18 39 16 28 5 27 42 49 11 8 41 35 44 33 37 12 29 14 3 32 47 24 6 30 48 13 15 21 17 31 20 19 1 22 23 36 50 25 9 43 10 4
29 30 34 28 18 9 12 45 23 16 25 11 22 43 49 13 8 6 50 2 35 48 19 33 10 1 5 32 47 27 20 21 44 41 40 36 15 39 24 3 38 42 26 37 4 31 14 7 46 17
16 6 5 28 37 36 14 24 1 47 48 34 2 25 17 29 39 23 20 31 27 45 4 22 8 30 44 49 13 18 10 41 40 50 12 9 15 42 38 32 3 21 11 33 35 43 19 7 46 26
1 19 15 22 45 29 37 31 17 42 23 36 41 39 40 33 24 26 46 3 44 7 20 4 32 27 28 11 13 14 49 30 35 47 18 9 48 38 12 2 34 25 43 16 50 8 6 10 21 5
21 10 19 42 27 46 26 23 18 36 15 37 3 34 4 49 2 13 20 48 43 44 12 24 8 14 6 50 11 31 33 25 16 35 9 22 39 32 38 30 5 1 28 40 29 45 41 17 7 47
22 6 21 19 12 2 13 23 25 14 40 17 43 49 24 50 9 28 31 16 47 30 37 32 15 7 38 5 27 1 44 46 48 11 35 3 10 8 4 26 41 33 20 29 18 34 36 45 39 42
6 38 17 9 14 39 22 3 50 29 28 45 31 8 32 44 1 41 37 35 5 27 34 43 40 13 12 42 47 19 21 15 16 10 25 33 46 49 4 18 36 2 7 23 26 11 30 20 24 48
29 11 27 25 8 33 50 38 3 16 19 39 1 20 4 43 17 12 13 31 22 34 45 9 32 18 21 41 36 6 5 35 23 47 7 48 28 24 14 26 10 44 15 2 46 42 30 49 40 37
13 1 14 7 8 3 6 10 11 9 5 12 2 4
9 16 8 17 6 18 2 12 15 20 11 13 1 3 4 7 19 14 5 10
11 10 9 3 13 8 1 5 15 2 16 14 6 4 12 7
34 36 21 27 40 39 38 22 23 25 18 31 10 12 8 29 33 16 4 26 5 24 30 2 11 28 20 19 6 7 9 17 15 14 37 32 3 13 35 1
31 38 9 24 21 6 50 7 30 46 13 14 35 12 4 34 26 33 28 16 41 23 32 19 42 11 39 48 25 3 27 22 45 43 2 29 36 49 8 44 47 20 40 37 5 10 18 1 15 17
35 29 32 34 1 48 24 47 37 7 16 36 4 19 44 9 25 8 27 46 15 28 6 11 21 22 43 33 5 18 10 42 39 14 41 45 2 40 13 31 50 3 49 12 38 23 20 30 17 26
34 33 6 7 30 43 14 35 22 38 27 26 25 21 20 19 39 40 41 42 46 47 48 13 12 11 10 9 8 18 17 16 15 5 4 3 2 1 31 32 29 28 44 45 36 37 23 24
19 20 21 8 7 6 5 4 50 49 12 11 16 17 18 41 42 15 14 13 10 9 45 46 47 48 44 43 33 32 31 30 34 35 1 2 3 22 23 24 25 29 28 27 26 40 39 38 37 36
14 16 29 1 33 8 34 35 40 41 36 24 23 22 5 3 2 4 37 9 10 11 13 12 7 6 30 15 17 18 19 21 20 25 26 27 28 50 49 48 47 46 42 43 45 44 39 38 31 32
25 24 18 22 8 2 46 38 13 42 40 36 7 45 5 48 23 49 11 1 35 43 3 29 19 27 6 33 4 50 21 39 41 20 10 44 31 32 37 30 16 15 47 14 17 9 26 34 12 28
37 13 46 40 30 23 27 20 32 16 44 21 3 22 15 41 28 12 8 29 36 14 9 24 1 33 45 48 34 11 31 10 18 7 17 47 4 2 19 42 25 39 38 43 5 6 26 35
5 43 32 16 50 22 42 11 36 48 27 1 15 45 41 25 2 13 20 31 26 46 21 30 3 12 37 19 17 10 38 14 49 28 7 8 23 47 4 6 33 40 39 29 9 34 18 35 24 44
34 25 28 9 10 12 16 5 44 8 2 13 6 40 49 18 21 17 42 1 7 3 11 32 14 35 39 43 23 24 48 29 27 36 22 15 50 38 26 31 47 45 41 4 46 20 30 37 19 33
19 42 25 2 16 15 30 48 10 34 4 17 5 27 33 50 24 1 29 46 37 44 43 47 7 32 26 13 21 3 18 35 41 28 40 11 49 20 23 45 31 36 38 6 14 39 12 9 22 8
19 10 24 7 23 41 8 11 22 17 35 49 26 21 46 15 30 39 18 33 43 12 9 3 42 27 29 4 37 50 47 28 38 45 14 34 6 1 36 20 32 48 31 40 5 16 2 44 13 25
17 12 20 21 47 6 34 5 28 50 23 45 16 40 48 29 25 15 49 43 32 30 36 24 27 19 37 38 39 10 33 7 3 1 11 13 41 2 31 44 4 18 22 26 8 46 35 9 14 42
2 1 4 6 3 5
33 26 14 3 41 38 27 45 13 44 49 35 15 47 24 43 10 23 50 40 29 39 11 32 17 20 48 25 7 42 46 30 2 36 6 21 8 31 5 19 1 16 4 18 28 37 12 22 34 9
9 1 5 3 10 12 11 6 8 4 7 2
23 24 4 5 6 7 8 3 2 1 12 13 14 9 10 11 20 19 18 22 21 17 16 15
13 9 4 15 14 18 19 29 33 3 5 12 17 2 37 35 44 11 30 28 41 50 39 46 43 8 25 36 26 40 38 48 42 24 22 6 20 34 16 31 1 45 21 32 49 47 10 27 7 23
44 6 18 24 49 25 21 19 10 8 31 42 12 16 46 34 9 17 5 47 33 45 22 28 36 15 38 37 29 48 7 4 23 27 30 41 20 13 32 14 50 3 11 40 26 39 2 1 35 43
2 39 12 7 38 22 33 1 23 4 21 47 20 6 27 34 10 44 17 3 43 30 14 28 48 9 29 37 45 41 24 11 8 50 49 13 25 35 5 18 15 16 46 32 36 26 40 31 42 19
2 47 48 27 12 26 21 14 42 7 18 50 28 3 6 13 15 31 44 49 33 24 30 8 38 37 4 34 5 22 1 19 45 35 23 41 17 11 46 40 36 25 43 10 39 16 29 9 20 32
10 37 36 40 39 38 22 35 46 27 43 30 14 19 11 6 5 1 2 3 4 31 32 28 29 21 17 18 42 41 45 44 48 47 23 24 20 15 16 12 13 9 8 7 26 25 33 34
48 7 23 15 34 11 31 17 21 22 12 6 18 1 46 4 29 44 39 42 24 41 9 38 30 25 35 26 40 32 19 8 10 37 14 49 33 50 3 13 16 28 47 43 2 20 45 5 36 27
39 33 29 2 6 30 23 50 9 14 36 17 40 38 28 5 49 18 22 43 7 27 44 16 45 34 25 20 15 32 42 11 13 3 47 19 8 41 48 35 1 4 31 26 21 12 37 24 10 46
8 5 1 4 6 3 7 2
43 27 34 24 2 15 1 49 17 36 6 35 41 46 5 23 7 26 21 8 29 20 32 39 9 22 10 30 14 48 47 12 18 37 40 33 28 11 16 19 31 13 3 45 38 25 4 44 42 50
9 12 5 14 6 13 3 7 8 2 1 11 10 4
31 19 21 11 20 17 44 7 9 8 15 41 25 34 3 50 23 45 24 28 32 29 38 36 13 27 26 14 40 10 37 22 18 16 35 4 46 39 42 43 2 1 47 49 6 33 48 30 12 5
1 2 3 4 5 6 7 8
11 12 16 13 9 8 22 23 24 45 48 4 10 7 3 40 36 20 21 14 15 18 29 28 25 32 31 34 30 27 26 6 5 1 2 19 17 35 47 44 43 33 37 38 39 42 41 46
9 28 1 16 25 7 18 38 34 45 46 40 15 10 26 21 17 42 13 47 39 36 32 19 48 11 33 20 12 29 50 22 4 27 2 49 30 23 43 31 44 35 8 3 5 37 24 41 6 14
20 10 17 18 25 7 8 13 24 16 11 2 5 22 19 1 14 12 21 23 3 4 9 15 26 6
3 13 6 10 8 1 14 2 5 7 9 4 16 11 15 12
36 40 39 2 1 5 21 20 24 23 34 33 37 17 18 47 48 44 45 41 4 8 7 31 32 28 3 15 16 12 13 14 46 27 22 35 30 38 19 6 43 11 10 9 42 26 29 25
1 13 12 17 19 15 26 39 21 4 24 18 48 16 10 47 44 9 27 28 3 35 46 37 5 29 38 42 33 11 25 7 2 31 8 23 45 41 36 20 32 14 30 40 22 6 43 34
1 25 32 11 5 47 41 34 4 2 6 38 37 33 9 20 15 35 31 48 22 14 45 39 49 7 10 29 28 43 8 18 23 40 30 44 24 3 50 36 27 16 12 19 42 26 46 17 21 13
21 7 28 33 29 5 2 35 20 3 37 36 40 41 15 34 39 22 30 23 11 9 38 26 42 1 45 50 43 12 17 19 47 44 8 31 13 18 10 49 6 24 25 48 4 16 14 27 32 46
33 15 16 14 23 24 25 26 10 9 11 39 34 36 21 13 28 45 19 22 20 29 27 30 32 31 18 17 2 5 12 37 44 1 49 50 8 7 42 41 43 46 48 3 6 4 35 38 40 47
31 13 32 19 45 20 10 34 21 3 48 41 23 28 24 49 25 42 14 12 18 40 8 26 6 50 1 38 39 11 17 15 30 43 22 7 44 29 9 47 5 46 4 36 37 16 35 2 33 27
33 9 16 11 27 34 12 41 1 36 10 24 37 18 43 31 40 32 20 15 47 21 23 17 49 26 29 38 42 45 44 7 35 50 4 39 28 19 30 6 22 5 13 48 2 25 46 8 3 14
19 7 36 44 15 18 49 33 29 2 43 8 31 37 24 17 12 30 21 47 28 48 20 11 10 45 42 41 16 46 6 3 35 5 4 14 40 27 1 26 50 39 25 23 9 32 34 22 38 13
4 2 10 1 3 6 9 5 7 8
25 7 44 1 21 6 30 28 19 4 37 22 29 36 41 10 38 43 20 50 26 5 42 15 49 16 33 2 9 39 12 18 31 11 48 17 8 45 27 47 32 3 23 14 35 24 40 13 46 34
21 20 1 6 4 5 3 2 7 12 11 10 9 8 13 18 19 14 15 17 16 23 22 24
50 15 14 23 42 10 5 41 7 8 12 9 38 1 16 40 3 45 34 48 31 4 11 47 32 13 46 28 27 21 19 26 24 29 33 30 2 25 22 18 17 36 39 35 43 6 20 44 49 37
22 10 23 4 3 26 36 30 44 46 21 2 29 45 20 17 16 48 40 25 41 15 1 27 9 19 28 47 7 43 11 14 38 13 6 37 24 12 32 18 42 33 39 35 5 8 31 34
7 8 12 21 14 20 3 10 11 4 13 1 9 19 5 17 22 16 15 18 6 2
26 9 32 17 36 28 22 45 35 39 27 44 4 49 37 31 7 20 48 30 1 25 24 23 43 21 46 3 6 15 38 47 41 19 33 18 34 2 29 50 8 5 40 12 13 10 42 14 16 11
18 5 6 28 26 27 7 8 9 10 11 14 15 17 16 13 12 3 2 4 19 20 21 22 23 1 29 30 24 25
48 23 7 31 6 36 42 43 14 21 10 8 50 37 12 24 1 15 17 20 45 2 44 25 11 9 38 33 47 41 4 40 46 35 27 5 32 28 49 16 19 13 22 29 39 34 3 30 26 18
49 50 1 23 31 28 20 21 19 33 46 41 40 44 34 42 37 43 45 48 35 47 39 36 38 15 7 4 12 2 8 14 9 11 5 10 3 16 13 6 32 29 27 25 30 24 18 17 22 26
10 20 9 13 39 27 28 38 4 44 34 14 24 5 23 22 11 50 8 18 17 26 19 1 21 42 29 12 16 43 41 25 33 47 35 37 15 6 46 40 45 7 30 32 2 31 49 36 48 3
11 2 7 41 9 22 40 39 19 13 49 17 27 42 32 29 15 30 44 33 10 20 35 34 6 47 43 18 48 4 1 21 36 38 45 46 14 28 23 25 24 12 8 37 5 50 3 16 26 31
35 33 34 30 4 7 37 16 5 6 18 17 8 9 36 38 40 1 32 31 20 21 22 11 10 23 24 39 29 12 13 27 28 19 25 26 2 3 15 14
41 5 24 50 37 21 45 43 36 35 42 32 29 2 11 33 12 8 14 46 40 22 20 39 34 23 7 13 31 1 44 4 49 38 10 9 47 17 25 30 48 18 6 27 28 15 26 19 3 16
4 22 50 32 6 9 48 20 2 27 24 29 33 36 46 39 21 43 26 35 41 12 28 14 37 23 40 25 47 7 3 30 16 44 34 17 11 19 42 38 31 5 13 18 15 8 1 49 45 10
33 36 12 10 37 45 47 24 23 41 3 32 4 26 9 13 21 28 16 44 15 49 35 34 8 48 39 17 25 14 40 46 11 1 27 22 38 18 19 5 29 30 42 20 43 31 7 2 50 6
23 24 18 17 16 15 14 19 20 21 22 6 7 12 13 9 8 4 5 1 2 3 11 10
1 27 40 37 26 2 20 15 21 19 32 3 23 48 43 7 14 24 34 36 41 12 35 25 49 30 16 17 29 18 39 9 11 10 8 22 47 6 4 45 44 42 50 5 28 38 13 31 33 46
36 13 9 2 5 20 41 45 42 49 30 48 6 24 47 22 18 14 35 31 8 29 4 33 15 39 27 37 17 43 1 12 34 10 38 40 32 46 7 21 28 23 3 16 50 11 26 19 25 44
9 7 4 8 6 1 5 3 10 2
44 46 35 24 34 39 45 17 7 20 48 23 2 25 50 27 36 10 8 4 28 32 30 18 13 3 41 26 31 15 19 5 29 38 47 22 6 9 33 42 40 12 14 1 43 49 37 11 21 16
31 23 39 5 7 8 9 10 40 36 21 17 1 2 3 4 45 41 42 43 27 22 38 19 30 6 35 34 18 29 28 32 33 37 44 48 47 46 11 12 16 15 14 13 20 24 25 26
15 43 44 27 28 29 30 32 8 9 6 38 37 11 10 42 22 21 14 13 12 2 3 33 1 19 20 35 34 23 18 48 47 36 4 5 16 17 7 39 40 41 26 25 24 46 45 31
7 4 1 5 8 3 2 6
47 46 20 22 18 13 50 44 17 36 33 14 19 24 40 5 8 38 31 43 23 9 37 28 2 21 4 41 49 3 30 48 34 25 42 32 35 26 27 16 1 29 7 15 12 10 11 45 39 6
36 37 21 22 17 16 15 14 13 4 3 1 2 30 29 28 27 6 26 40 41 42 43 44 45 46 47 48 18 19 20 25 12 11 34 35 33 32 31 39 38 23 24 10 9 8 7 5
44 28 24 8 6 47 17 48 11 22 14 29 27 35 25 45 30 2 12 32 1 23 40 34 43 15 5 42 7 26 39 21 20 33 37 31 46 36 41 3 16 49 10 9 19 38 50 18 13 4
6 1 4 3 2 5
3 46 17 38 39 24 44 32 26 36 42 21 5 7 10 18 45 20 28 23 27 15 8 9 12 4 16 14 31 2 40 43 35 30 1 19 22 25 33 29 13 37 41 11 6 34
48 47 13 12 11 38 35 36 37 26 25 24 21 20 31 32 33 34 45 44 10 9 28 29 8 7 6 5 4 3 2 1 18 17 16 15 23 22 46 30 19 14 27 43 42 41 40 39
6 16 48 38 22 4 23 32 24 45 35 20 7 44 49 15 33 9 50 12 42 8 36 5 28 3 29 37 2 26 25 47 41 10 1 31 14 11 46 27 21 34 40 18 30 17 13 19 39 43
26 43 13 44 34 14 10 12 11 38 41 25 23 20 42 18 28 5 35 47 32 39 1 7 8 24 21 36 40 37 30 45 46 15 33 9 6 29 17 27 3 19 48 2 4 31 50 16 22 49
18 1 36 32 45 26 7 20 43 3 4 19 14 44 41 15 34 2 24 49 28 31 13 29 6 30 40 35 27 17 9 16 47 38 22 8 33 12 46 48 50 25 39 42 11 37 5 21 23 10
3 2 4 1
21 7 12 19 11 6 14 3 16 18 13 26 17 24 25 23 2 5 10 4 1 15 8 9 22 20
48 39 32 19 10 14 44 38 50 45 40 26 15 37 8 28 36 17 29 46 3 11 33 9 42 12 6 2 18 21 27 30 47 23 31 35 22 34 13 4 7 41 16 5 43 20 1 25 49 24
31 39 43 9 5 45 8 47 14 1 22 37 35 24 15 30 20 21 12 10 19 38 16 27 3 33 11 48 50 13 7 34 6 40 44 49 4 32 42 29 46 41 17 36 18 2 23 25 26 28
20 32 44 8 1 37 46 11 34 7 10 39 3 24 38 45 19 31 29 5 43 22 50 14 35 26 9 4 27 41 12 25 49 16 21 40 47 2 17 30 23 15 36 48 33 18 6 13 42 28
21 1 28 2 46 31 19 22 10 20 8 42 4 15 18 29 14 12 11 3 30 13 32 50 40 35 24 45 9 47 44 17 27 26 33 16 48 36 37 7 49 23 41 6 25 39 43 38 34 5
43 21 50 34 5 28 40 2 32 39 25 3 27 42 44 14 23 49 24 4 17 10 38 13 48 35 8 46 26 41 18 7 30 15 45 37 47 31 29 11 19 36 16 6 9 22 12 20 1 33
5 49 33 50 16 9 38 35 42 11 31 39 37 12 10 17 27 7 32 29 41 18 25 6 44 43 47 22 45 14 1 36 24 20 30 3 48 15 21 28 13 34 46 26 2 8 40 19 4 23
15 16 12 26 23 24 20 48 44 45 41 42 10 31 39 40 36 3 4 5 1 2 37 33 34 7 8 9 13 32 28 29 25 18 17 21 43 19 6 11 27 14 38 22 35 30 46 47
21 22 18 20 12 14 13 17 19 11 8 16 3 4 1 7 24 26 9 6 15 2 25 5 10 23
47 48 46 42 45 44 38 41 43 40 37 39 36 33 26 29 35 34 30 31 32 27 25 28 23 22 21 17 18 24 19 20 15 14 16 10 9 12 5 3 7 6 4 2 1 8 11 13
15 12 4 11 10 14 17 16 2 13 3 9 18 8 1 5 6 7
32 20 13 19 2 48 41 14 49 9 35 1 29 7 27 5 17 47 44 37 28 31 8 12 16 34 38 36 10 15 46 3 50 42 39 6 40 33 18 11 45 30 22 24 23 26 43 21 25 4
2 37 50 46 49 36 48 1 9 4 13 12 25 45 20 38 27 43 24 30 19 22 11 47 34 44 16 14 42 26 15 29 5 35 23 40 39 32 31 41 18 28 33 17 21 7 8 10 3 6
8 20 10 31 30 16 15 14 42 43 44 2 47 1 21 22 26 27 28 17 18 19 29 36 35 13 12 11 37 38 39 9 3 4 46 45 48 24 23 25 40 41 7 6 5 34 33 32
25 12 18 17 6 20 27 47 7 10 49 1 31 21 14 26 3 28 36 42 29 22 48 30 9 45 41 32 13 34 37 39 40 11 46 8 43 33 23 15 5 4 38 2 50 16 35 44 24 19
44 13 2 28 6 5 10 16 9 33 15 17 30 1 29 11 22 41 42 27 32 19 49 18 23 20 45 4 38 39 40 37 36 14 47 8 43 46 34 26 25 31 24 3 48 50 35 12 7 21
6 2 4 3 5 1
34 40 10 42 6 13 11 14 35 16 24 4 28 46 50 29 30 20 36 18 47 39 45 9 37 17 44 8 27 33 15 1 32 49 48 2 21 3 5 31 41 19 12 26 25 22 38 43 7 23
5 8 4 2 3 1 6 7
50 42 47 6 5 46 14 13 3 4 40 41 33 34 35 22 23 24 25 17 16 15 10 11 12 28 27 7 8 9 20 21 26 38 37 36 32 31 19 48 49 29 30 39 43 44 45 18 2 1
24 7 34 28 5 23 3 18 1 12 6 9 36 29 22 30 25 10 2 27 11 15 8 13 33 17 26 4 19 16 32 35 21 20 14 31
22 9 3 46 29 36 44 24 35 34 1 33 7 31 19 2 16 13 40 26 18 6 28 27 37 21 5 12 11 42 14 4 25 43 45 20 23 47 39 8 32 15 38 41 48 10 17 30
5 30 31 23 33 13 46 43 14 29 21 18 41 4 36 24 25 26 3 7 1 8 17 28 44 2 19 45 16 12 37 47 40 49 48 10 39 50 27 22 32 38 35 6 15 34 20 42 11 9
3 2 18 4 5 1 15 16 17 6 8 9 10 11 12 7 14 13
40 9 12 44 10 17 15 32 23 19 24 35 34 3 37 8 20 13 16 28 31 49 22 21 46 26 1 5 43 47 27 2 33 14 48 29 11 45 39 30 36 41 50 4 6 7 42 38 18 25
3 16 48 49 12 9 6 22 32 8 38 25 44 30 31 28 19 20 46 35 21 13 42 23 17 47 34 1 37 14 15 27 50 2 10 36 24 29 18 11 40 26 7 41 4 33 5 39 45 43
7 2 49 1 50 30 24 15 40 6 29 12 33 21 35 8 25 13 26 44 14 11 28 32 46 18 16 36 38 47 3 39 4 9 22 42 45 10 5 20 48 31 19 34 17 37 23 43 27 41
3 15 27 4 33 1 42 36 24 44 10 19 7 17 8 25 13 23 45 43 34 31 35 29 40 14 37 46 6 39 38 2 41 16 32 30 22 26 12 11 21 5 9 18 20 28
24 44 14 42 15 8 30 46 18 23 21 27 34 22 13 7 33 3 5 35 4 6 20 12 38 17 36 28 19 10 43 32 31 2 11 37 40 25 41 9 29 45 16 1 26 39
15 4 35 11 13 16 22 8 12 20 44 2 37 3 6 33 21 40 43 17 18 39 5 36 9 26 25 29 45 28 23 31 7 34 27 10 38 50 14 41 47 49 46 32 42 48 24 1 30 19
46 20 18 10 45 31 36 38 22 40 13 29 35 17 21 9 48 34 49 44 30 28 25 27 16 24 39 50 7 1 11 15 4 6 19 14 26 32 8 23 12 42 2 41 43 47 37 5 3 33
12 10 5 4 1 2 25 23 18 22 21 20 14 13 17 16 3 8 11 19 9 26 24 7 6 15
6 5 18 29 26 13 20 15 21 28 17 2 4 9 10 12 16 1 24 30 19 3 7 22 23 25 8 27 11 14
26 27 34 35 36 25 21 20 30 19 8 9 7 15 4 6 5 13 24 14 17 18 16 43 44 23 22 32 33 31 42 40 41 11 10 12 1 2 3 37 38 39 29 28
17 25 14 50 11 40 43 2 9 42 35 12 32 36 8 28 45 39 37 47 27 4 15 23 22 34 6 20 24 41 18 31 26 3 5 10 1 29 44 13 48 49 38 30 33 7 21 46 16 19
30 31 3 33 25 21 18 20 27 13 23 28 50 34 36 4 46 39 41 40 10 38 26 35 32 22 11 6 49 8 1 45 19 16 43 9 47 12 2 15 48 14 5 42 7 29 44 24 37 17
47 22 5 12 2 24 26 38 49 29 43 27 45 50 16 36 18 10 17 8 37 46 40 48 32 19 28 33 31 25 15 3 39 14 7 20 42 23 4 6 21 9 1 35 13 34 11 44 41 30
17 46 25 40 35 21 47 13 23 34 3 8 45 20 14 31 41 42 33 38 30 24 2 4 48 28 50 1 26 44 32 37 16 36 12 10 29 6 5 27 11 39 22 9 15 18 7 49 19 43
17 21 50 19 18 36 8 5 6 24 44 45 14 48 39 12 13 34 40 47 9 35 22 29 30 31 32 33 28 41 42 49 15 16 10 25 26 27 4 23 43 2 1 7 11 3 38 37 46 20
40 17 30 27 25 38 19 34 45 31 6 8 37 28 12 20 23 9 41 15 22 49 29 13 10 4 32 36 46 26 3 43 21 2 11 39 18 47 16 24 7 14 35 5 50 33 48 42 1 44
36 12 22 6 39 40 10 41 31 46 14 42 37 16 1 7 48 45 26 25 47 19 43 3 4 44 30 24 5 2 32 20 35 13 28 17 21 23 34 18 29 27 9 15 33 11 8 38
44 7 6 14 15 16 24 38 39 40 12 11 10 28 8 1 2 3 4 46 47 48 36 35 34 32 25 41 9 21 37 45 17 5 13 29 33 43 42 22 23 27 26 20 19 18 31 30
5 21 13 4 17 25 15 20 23 32 16 30 19 14 22 8 27 1 28 29 10 24 3 9 18 11 7 6 2 12 26 31
7 10 11 43 44 34 19 1 20 49 45 41 14 6 21 38 48 26 22 12 17 35 46 31 15 5 23 36 40 32 4 2 18 27 25 13 24 29 39 28 16 3 9 30 47 50 8 33 42 37
12 13 16 11 3 10 5 7 2 9 6 1 4 15 14 8
24 8 20 5 23 26 6 25 7 11 13 18 9 15 22 1 2 10 14 4 12 3 16 19 21 17
